 EXPANSION COEFFICIENTS SCATTERING MATRIX
 PRODUCED BY THE MEERHOFF MIE PROGRAM VERSION 3.1            
 lambda=   1.1000000 Re(m) =   1.4400000 Im(m) =   0.0000000 
 Size distribution : two parameter gamma                     
 reff  =   1.0500000 veff  =   0.0700000                     
 rmin  =   0.0616236 rmax  =   3.3845421                     
 r integration with  50 interval(s) of  50 Gauss points      
 single scattering albedo  a  =  0.99999990628963E+00
 asymmetry parameter <cos th> =  0.72590065300999E+00
 extinction efficiency  Qext  =  0.32525652769312E+01
 scattering efficiency  Qsca  =  0.32525649721321E+01
 geometrical cross section G  =  0.27701919631040E+01
 average volume            V  =  0.38782686289817E+01
   l       alpha1             alpha2             alpha3             alpha4             beta1              beta2       
   0   0.99999999999996   0.00000000000000   0.00000000000000   0.92347712992119   0.00000000000000   0.00000000000000
   1   2.17770195902997   0.00000000000000   0.00000000000000   2.23194892027630   0.00000000000000   0.00000000000000
   2   2.97952910539369   4.02321228446247   3.83519012559139   2.88785965918658  -0.10154551314237  -0.08546102062572
   3   3.01943677581546   3.54003764395804   3.57902900092443   3.07741891031558  -0.09153771779635   0.09218151135685
   4   3.08650663282852   3.56511032024962   3.45625751285913   3.03564043278532  -0.15210412383107  -0.04941646092601
   5   2.90921380090591   3.11806217097347   3.12065328057955   2.95326735040986  -0.10299173444379   0.18658154199076
   6   2.66611806368943   3.02676583325628   2.95605913565926   2.65508049785863  -0.15363303097008   0.03740237890721
   7   2.44018499751352   2.51170300312868   2.49274296481645   2.48031520953863  -0.07789738549087   0.24585628427390
   8   2.04194870997601   2.35771766673277   2.29343904555180   2.04039012852788  -0.14436343018966   0.13268623773733
   9   1.76856120909114   1.77269485197707   1.75164982548308   1.80818249218284  -0.04003031287040   0.24132902345510
  10   1.37159564123566   1.62507503436534   1.55728735642501   1.35988053874256  -0.11758434237076   0.18178939221585
  11   1.08707768540169   1.06340405107314   1.05049709501398   1.12380417260642  -0.00954348053800   0.17763512421902
  12   0.80787896564759   0.98128560279043   0.91484678609918   0.78382266685871  -0.07982388725243   0.17145706271140
  13   0.56499480302933   0.53891578160710   0.53579605265311   0.59595864539695   0.00357662376771   0.09873274840161
  14   0.42205808993445   0.52290806299238   0.46676356369277   0.39383343481226  -0.04553144290258   0.12659047205023
  15   0.25009800901874   0.23239578593058   0.23490319141354   0.27304285880276   0.00486182305761   0.04149042600734
  16   0.19845261852542   0.24913083031742   0.20851037049168   0.17425001762641  -0.02231935321894   0.07742594836141
  17   0.09535965886081   0.08633231224160   0.08986019047388   0.10985384021596   0.00269698135223   0.01267832673247
  18   0.08509370015640   0.10751505310906   0.08213899133470   0.06840933140799  -0.00963977120566   0.04042340893902
  19   0.03170886407909   0.02801435913887   0.03043696457529   0.03944670075981   0.00100548032071   0.00224872614224
  20   0.03361976405625   0.04250430093675   0.02867909193800   0.02393428805002  -0.00375680122179   0.01832710364030
  21   0.00931203209780   0.00805512702532   0.00924399483167   0.01282895437422   0.00027601446597  -0.00025892417126
  22   0.01233781462479   0.01553751168621   0.00891090631368   0.00748152820092  -0.00134966437206   0.00729455753931
  23   0.00244744399126   0.00208279383079   0.00254305426768   0.00382811856739   0.00005642408520  -0.00042677206912
  24   0.00423319782051   0.00529357829986   0.00247663533928   0.00209670071202  -0.00045505833018   0.00257113995631
  25   0.00058421477081   0.00049179115795   0.00063874501840   0.00106027869836   0.00000821926387  -0.00022392131763
  26   0.00136571928589   0.00169250053349   0.00062119231968   0.00053069873427  -0.00014596313346   0.00081003217958
  27   0.00012878576504   0.00010774840655   0.00014733517780   0.00027547228251   0.00000077074183  -0.00008625571801
  28   0.00041646744725   0.00051096250852   0.00014265312118   0.00012293700585  -0.00004494290757   0.00023069667087
  29   0.00002669071048   0.00002224440750   0.00003131357098   0.00006778599627   0.00000007448029  -0.00002787056181
  30   0.00012062476327   0.00014646486238   0.00003061090977   0.00002657658913  -0.00001335080284   0.00006019335466
  31   0.00000528260030   0.00000437610119   0.00000612537360   0.00001593081373   0.00000003844947  -0.00000796479318
  32   0.00003333186581   0.00004005837114   0.00000628615274   0.00000548734503  -0.00000383547233   0.00001459727917
  33   0.00000100079552   0.00000081645164   0.00000108815182   0.00000359555774   0.00000001685794  -0.00000207227763
  34   0.00000881619687   0.00001049199707   0.00000125583428   0.00000109887453  -0.00000106606946   0.00000333911776
  35   0.00000016875504   0.00000013113185   0.00000015913254   0.00000077184588   0.00000000591413  -0.00000049996922
  36   0.00000223114809   0.00000263156374   0.00000023587178   0.00000020542605  -0.00000028407275   0.00000072671307
  37   0.00000001659549   0.00000000892387   0.00000000898466   0.00000015233463   0.00000000164908  -0.00000011724934
  38   0.00000054080067   0.00000063216448   0.00000003868390   0.00000003337777  -0.00000007370919   0.00000014898651
  39  -0.00000000171463  -0.00000000304295  -0.00000000367367   0.00000002814966  -0.00000000022146  -0.00000002646263
  40   0.00000012502389   0.00000014482591   0.00000000375416   0.00000000299798  -0.00000001848084   0.00000002814950
  41  -0.00000000194323  -0.00000000216851  -0.00000000218464   0.00000000442755  -0.00000000045465  -0.00000000615010
  42   0.00000002762663   0.00000003157227  -0.00000000007571  -0.00000000011183  -0.00000000510280   0.00000000464260
  43  -0.00000000038661  -0.00000000039558  -0.00000000039006   0.00000000079264   0.00000000003828  -0.00000000079463
  44   0.00000000564130   0.00000000630704  -0.00000000022080  -0.00000000021335  -0.00000000101743   0.00000000053069
  45  -0.00000000009052  -0.00000000009442  -0.00000000009936   0.00000000002664   0.00000000000918  -0.00000000020046
  46   0.00000000068519   0.00000000074654  -0.00000000002553  -0.00000000002343  -0.00000000069296   0.00000000004247
  47   0.00000000000025   0.00000000000024   0.00000000000166   0.00000000000157   0.00000000000429   0.00000000000448
  48   0.00000000000016   0.00000000000021   0.00000000000017   0.00000000000013   0.00000000000045   0.00000000000076
  49  -0.00000000000037  -0.00000000000035  -0.00000000000038  -0.00000000000039   0.00000000000008   0.00000000000015
  50  -0.00000000000057  -0.00000000000056  -0.00000000000055  -0.00000000000056  -0.00000000000000   0.00000000000004
  51  -0.00000000000063  -0.00000000000062  -0.00000000000063  -0.00000000000063  -0.00000000000000   0.00000000000003
  52  -0.00000000000067  -0.00000000000067  -0.00000000000065  -0.00000000000065  -0.00000000000002   0.00000000000002
  53  -0.00000000000063  -0.00000000000063  -0.00000000000064  -0.00000000000063  -0.00000000000001   0.00000000000003
  54  -0.00000000000060  -0.00000000000060  -0.00000000000058  -0.00000000000058  -0.00000000000002   0.00000000000002
  55  -0.00000000000050  -0.00000000000050  -0.00000000000051  -0.00000000000050  -0.00000000000000   0.00000000000002
  56  -0.00000000000040  -0.00000000000040  -0.00000000000040  -0.00000000000039  -0.00000000000001   0.00000000000001
  57  -0.00000000000026  -0.00000000000027  -0.00000000000028  -0.00000000000026  -0.00000000000000   0.00000000000000
  58  -0.00000000000012  -0.00000000000012  -0.00000000000013  -0.00000000000012   0.00000000000000  -0.00000000000000
  -1   0.00000000000000   0.00000000000000   0.00000000000000   0.00000000000000   0.00000000000000   0.00000000000000
