2 0.00 0
2 1.00 5.34024e-05
2 2.00 0.000227406
2 3.00 0.000509985
2 4.00 0.000916788
2 5.00 0.00142398
2 6.00 0.00206262
2 7.00 0.00279657
2 8.00 0.00364486
2 9.00 0.00461387
2 10.00 0.00568255
2 11.00 0.00687246
2 12.00 0.00816309
2 13.00 0.00956268
2 14.00 0.0110655
2 15.00 0.0126653
2 16.00 0.0143713
2 17.00 0.0161776
2 18.00 0.0180941
2 19.00 0.0200806
2 20.00 0.0221792
2 21.00 0.0243656
2 22.00 0.0266302
2 23.00 0.0289801
2 24.00 0.0314234
2 25.00 0.0339284
2 26.00 0.0365198
2 27.00 0.0391618
2 28.00 0.041877
2 29.00 0.0446698
2 30.00 0.0474972
2 31.00 0.0503788
2 32.00 0.0532883
2 33.00 0.0562488
2 34.00 0.0592539
2 35.00 0.0622706
2 36.00 0.0652875
2 37.00 0.0683551
2 38.00 0.0714003
2 39.00 0.0744736
2 40.00 0.0774894
2 41.00 0.0805341
2 42.00 0.0835615
2 43.00 0.0864984
2 44.00 0.0894537
2 45.00 0.0923593
2 46.00 0.0951944
2 47.00 0.0979704
2 48.00 0.100723
2 49.00 0.103367
2 50.00 0.105989
2 51.00 0.108502
2 52.00 0.110942
2 53.00 0.113353
2 54.00 0.115644
2 55.00 0.117852
2 56.00 0.120042
2 57.00 0.122203
2 58.00 0.124229
2 59.00 0.12628
2 60.00 0.128252
2 61.00 0.130245
2 62.00 0.132147
2 63.00 0.134174
2 64.00 0.136234
2 65.00 0.138331
2 66.00 0.140449
2 67.00 0.142631
2 68.00 0.145015
2 69.00 0.147497
2 70.00 0.150091
2 71.00 0.152964
2 72.00 0.156
2 73.00 0.159255
2 74.00 0.1625
2 75.00 0.166184
2 76.00 0.170153
2 77.00 0.174225
2 78.00 0.178613
2 79.00 0.183119
2 80.00 0.187767
2 81.00 0.19285
2 82.00 0.197838
2 83.00 0.203243
2 84.00 0.20861
2 85.00 0.213902
2 86.00 0.219452
2 87.00 0.224865
2 88.00 0.230568
2 89.00 0.235808
2 90.00 0.241022
2 91.00 0.246099
2 92.00 0.251092
2 93.00 0.255597
2 94.00 0.259557
2 95.00 0.263796
2 96.00 0.267228
2 97.00 0.270381
2 98.00 0.273032
2 99.00 0.275021
2 100.00 0.276419
2 101.00 0.277184
2 102.00 0.277727
2 103.00 0.277237
2 104.00 0.276465
2 105.00 0.275048
2 106.00 0.272326
2 107.00 0.269365
2 108.00 0.265649
2 109.00 0.261658
2 110.00 0.256329
2 111.00 0.250806
2 112.00 0.244262
2 113.00 0.23693
2 114.00 0.229202
2 115.00 0.220622
2 116.00 0.211606
2 117.00 0.202147
2 118.00 0.191631
2 119.00 0.180753
2 120.00 0.169492
2 121.00 0.156988
2 122.00 0.144711
2 123.00 0.132013
2 124.00 0.118712
2 125.00 0.104976
2 126.00 0.0914127
2 127.00 0.0773558
2 128.00 0.0628571
2 129.00 0.0485507
2 130.00 0.0345334
2 131.00 0.0208644
2 132.00 0.00679245
2 133.00 -0.00687548
2 134.00 -0.0200927
2 135.00 -0.0335675
2 136.00 -0.0457053
2 137.00 -0.0572337
2 138.00 -0.0680544
2 139.00 -0.0781628
2 140.00 -0.0875203
2 141.00 -0.096013
2 142.00 -0.103589
2 143.00 -0.109477
2 144.00 -0.115196
2 145.00 -0.119184
2 146.00 -0.122249
2 147.00 -0.124188
2 148.00 -0.125303
2 149.00 -0.125402
2 150.00 -0.124601
2 151.00 -0.122821
2 152.00 -0.120189
2 153.00 -0.116732
2 154.00 -0.112567
2 155.00 -0.108314
2 156.00 -0.102564
2 157.00 -0.0976883
2 158.00 -0.0913108
2 159.00 -0.0858806
2 160.00 -0.0797987
2 161.00 -0.0731534
2 162.00 -0.0666199
2 163.00 -0.0609841
2 164.00 -0.0547945
2 165.00 -0.0487475
2 166.00 -0.042838
2 167.00 -0.0370861
2 168.00 -0.0321311
2 169.00 -0.0272727
2 170.00 -0.0225225
2 171.00 -0.0185185
2 172.00 -0.0145754
2 173.00 -0.0113279
2 174.00 -0.00813517
2 175.00 -0.00560399
2 176.00 -0.00371978
2 177.00 -0.00185414
2 178.00 -0.00123305
2 179.00 0
2 180.00 0
3 0.00 0
3 1.00 7.74257e-06
3 2.00 2.33233e-05
3 3.00 4.69664e-05
3 4.00 7.90295e-05
3 5.00 0.000112008
3 6.00 0.000162427
3 7.00 0.000206658
3 8.00 0.000244653
3 9.00 0.000284886
3 10.00 0.000318866
3 11.00 0.000328015
3 12.00 0.000328907
3 13.00 0.000301222
3 14.00 0.000251816
3 15.00 0.000157011
3 16.00 3.27125e-05
3 17.00 -0.000148022
3 18.00 -0.000381352
3 19.00 -0.000675068
3 20.00 -0.00103827
3 21.00 -0.0014677
3 22.00 -0.00197325
3 23.00 -0.00258178
3 24.00 -0.00325989
3 25.00 -0.0040338
3 26.00 -0.00489825
3 27.00 -0.00586406
3 28.00 -0.00690118
3 29.00 -0.00803635
3 30.00 -0.00925417
3 31.00 -0.0105069
3 32.00 -0.011841
3 33.00 -0.0131987
3 34.00 -0.0145668
3 35.00 -0.0159289
3 36.00 -0.0172284
3 37.00 -0.0184716
3 38.00 -0.0196304
3 39.00 -0.0206715
3 40.00 -0.0215099
3 41.00 -0.0221967
3 42.00 -0.0226934
3 43.00 -0.0229051
3 44.00 -0.0229012
3 45.00 -0.0226488
3 46.00 -0.0221137
3 47.00 -0.0214034
3 48.00 -0.0203539
3 49.00 -0.0191706
3 50.00 -0.0177695
3 51.00 -0.0162283
3 52.00 -0.0145485
3 53.00 -0.0128332
3 54.00 -0.0111007
3 55.00 -0.00936921
3 56.00 -0.00766064
3 57.00 -0.00611657
3 58.00 -0.00477867
3 59.00 -0.00355872
3 60.00 -0.00276243
3 61.00 -0.00217045
3 62.00 -0.00181873
3 63.00 -0.00190446
3 64.00 -0.00232674
3 65.00 -0.00313152
3 66.00 -0.0045529
3 67.00 -0.00609989
3 68.00 -0.0081771
3 69.00 -0.0106405
3 70.00 -0.0135283
3 71.00 -0.0166515
3 72.00 -0.0202622
3 73.00 -0.0238984
3 74.00 -0.0280665
3 75.00 -0.0322668
3 76.00 -0.0364613
3 77.00 -0.0409185
3 78.00 -0.0453431
3 79.00 -0.0496974
3 80.00 -0.0542687
3 81.00 -0.0583591
3 82.00 -0.0622776
3 83.00 -0.06593
3 84.00 -0.0693333
3 85.00 -0.0723839
3 86.00 -0.0746753
3 87.00 -0.0769552
3 88.00 -0.0791738
3 89.00 -0.080531
3 90.00 -0.081781
3 91.00 -0.082479
3 92.00 -0.0830946
3 93.00 -0.083089
3 94.00 -0.083
3 95.00 -0.0832908
3 96.00 -0.0829854
3 97.00 -0.0825346
3 98.00 -0.0825638
3 99.00 -0.0825028
3 100.00 -0.0823463
3 101.00 -0.0827111
3 102.00 -0.0836257
3 103.00 -0.0845238
3 104.00 -0.0853511
3 105.00 -0.0867692
3 106.00 -0.0888055
3 107.00 -0.0908513
3 108.00 -0.0934881
3 109.00 -0.0962042
3 110.00 -0.0995355
3 111.00 -0.102892
3 112.00 -0.106875
3 113.00 -0.110882
3 114.00 -0.114823
3 115.00 -0.118763
3 116.00 -0.123317
3 117.00 -0.127766
3 118.00 -0.132089
3 119.00 -0.136364
3 120.00 -0.140478
3 121.00 -0.144517
3 122.00 -0.147636
3 123.00 -0.152111
3 124.00 -0.155636
3 125.00 -0.159157
3 126.00 -0.162437
3 127.00 -0.166546
3 128.00 -0.169798
3 129.00 -0.173756
3 130.00 -0.178417
3 131.00 -0.182471
3 132.00 -0.187231
3 133.00 -0.19297
3 134.00 -0.198851
3 135.00 -0.205607
3 136.00 -0.212689
3 137.00 -0.220854
3 138.00 -0.229425
3 139.00 -0.239178
3 140.00 -0.24926
3 141.00 -0.260642
3 142.00 -0.271698
3 143.00 -0.284186
3 144.00 -0.29644
3 145.00 -0.30902
3 146.00 -0.3214
3 147.00 -0.333871
3 148.00 -0.345053
3 149.00 -0.356255
3 150.00 -0.365465
3 151.00 -0.372566
3 152.00 -0.377986
3 153.00 -0.380789
3 154.00 -0.380052
3 155.00 -0.376289
3 156.00 -0.369547
3 157.00 -0.359083
3 158.00 -0.345638
3 159.00 -0.329752
3 160.00 -0.310624
3 161.00 -0.290476
3 162.00 -0.268009
3 163.00 -0.244344
3 164.00 -0.220674
3 165.00 -0.196441
3 166.00 -0.173343
3 167.00 -0.150703
3 168.00 -0.128655
3 169.00 -0.108586
3 170.00 -0.0902394
3 171.00 -0.0729229
3 172.00 -0.0577259
3 173.00 -0.0438997
3 174.00 -0.0324203
3 175.00 -0.0225275
3 176.00 -0.0140845
3 177.00 -0.00803859
3 178.00 -0.00371945
3 179.00 -0.00105764
3 180.00 0
4 0.00 0
4 1.00 -5.68434e-05
4 2.00 -0.000240403
4 3.00 -0.000538497
4 4.00 -0.000959151
4 5.00 -0.00150779
4 6.00 -0.00218684
4 7.00 -0.00300115
4 8.00 -0.00395143
4 9.00 -0.00504623
4 10.00 -0.00628882
4 11.00 -0.00768239
4 12.00 -0.00922183
4 13.00 -0.0109231
4 14.00 -0.0127856
4 15.00 -0.0147857
4 16.00 -0.0169381
4 17.00 -0.0192143
4 18.00 -0.0216061
4 19.00 -0.0240855
4 20.00 -0.0266366
4 21.00 -0.0292083
4 22.00 -0.0317755
4 23.00 -0.0342903
4 24.00 -0.0366927
4 25.00 -0.0389479
4 26.00 -0.0409991
4 27.00 -0.0428302
4 28.00 -0.0443861
4 29.00 -0.0456632
4 30.00 -0.0466485
4 31.00 -0.0473721
4 32.00 -0.0478216
4 33.00 -0.0480963
4 34.00 -0.0482269
4 35.00 -0.0482553
4 36.00 -0.0483151
4 37.00 -0.0484469
4 38.00 -0.0487838
4 39.00 -0.0493437
4 40.00 -0.0502914
4 41.00 -0.0515486
4 42.00 -0.0533008
4 43.00 -0.0555727
4 44.00 -0.0583312
4 45.00 -0.0615844
4 46.00 -0.0653985
4 47.00 -0.0697001
4 48.00 -0.0745424
4 49.00 -0.0797242
4 50.00 -0.0852502
4 51.00 -0.091036
4 52.00 -0.0970576
4 53.00 -0.1032
4 54.00 -0.109286
4 55.00 -0.115259
4 56.00 -0.121164
4 57.00 -0.126657
4 58.00 -0.131943
4 59.00 -0.136756
4 60.00 -0.141369
4 61.00 -0.145391
4 62.00 -0.149041
4 63.00 -0.152328
4 64.00 -0.15539
4 65.00 -0.158016
4 66.00 -0.160334
4 67.00 -0.162615
4 68.00 -0.164633
4 69.00 -0.166584
4 70.00 -0.168571
4 71.00 -0.170224
4 72.00 -0.172191
4 73.00 -0.173913
4 74.00 -0.175954
4 75.00 -0.177764
4 76.00 -0.179629
4 77.00 -0.181604
4 78.00 -0.183339
4 79.00 -0.185092
4 80.00 -0.186687
4 81.00 -0.188339
4 82.00 -0.190119
4 83.00 -0.191212
4 84.00 -0.192469
4 85.00 -0.193382
4 86.00 -0.194004
4 87.00 -0.194758
4 88.00 -0.194727
4 89.00 -0.194891
4 90.00 -0.194686
4 91.00 -0.193691
4 92.00 -0.192868
4 93.00 -0.191816
4 94.00 -0.190328
4 95.00 -0.188689
4 96.00 -0.186695
4 97.00 -0.185084
4 98.00 -0.18257
4 99.00 -0.180447
4 100.00 -0.178067
4 101.00 -0.176101
4 102.00 -0.173888
4 103.00 -0.172112
4 104.00 -0.1701
4 105.00 -0.168546
4 106.00 -0.167364
4 107.00 -0.166667
4 108.00 -0.16586
4 109.00 -0.165957
4 110.00 -0.165955
4 111.00 -0.165851
4 112.00 -0.166667
4 113.00 -0.167382
4 114.00 -0.167995
4 115.00 -0.168911
4 116.00 -0.169823
4 117.00 -0.171133
4 118.00 -0.171723
4 119.00 -0.172205
4 120.00 -0.173285
4 121.00 -0.173653
4 122.00 -0.174017
4 123.00 -0.174377
4 124.00 -0.174144
4 125.00 -0.174501
4 126.00 -0.174854
4 127.00 -0.174622
4 128.00 -0.175072
4 129.00 -0.175418
4 130.00 -0.176335
4 131.00 -0.177244
4 132.00 -0.178714
4 133.00 -0.180068
4 134.00 -0.181972
4 135.00 -0.184314
4 136.00 -0.186526
4 137.00 -0.189817
4 138.00 -0.193069
4 139.00 -0.196937
4 140.00 -0.201306
4 141.00 -0.20628
4 142.00 -0.211549
4 143.00 -0.217017
4 144.00 -0.223358
4 145.00 -0.22965
4 146.00 -0.237013
4 147.00 -0.24442
4 148.00 -0.252608
4 149.00 -0.261256
4 150.00 -0.270011
4 151.00 -0.279083
4 152.00 -0.287967
4 153.00 -0.296186
4 154.00 -0.304136
4 155.00 -0.310559
4 156.00 -0.315823
4 157.00 -0.317685
4 158.00 -0.317057
4 159.00 -0.312377
4 160.00 -0.303665
4 161.00 -0.290532
4 162.00 -0.273423
4 163.00 -0.252638
4 164.00 -0.229616
4 165.00 -0.204715
4 166.00 -0.179178
4 167.00 -0.153926
4 168.00 -0.130413
4 169.00 -0.107907
4 170.00 -0.0879507
4 171.00 -0.0699708
4 172.00 -0.0542145
4 173.00 -0.0407547
4 174.00 -0.0293054
4 175.00 -0.0202232
4 176.00 -0.0128465
4 177.00 -0.00692841
4 178.00 -0.00324149
4 179.00 -0.000641437
4 180.00 0
5 0.00 0
5 1.00 -7.07377e-05
5 2.00 -0.000281006
5 3.00 -0.000634284
5 4.00 -0.00112459
5 5.00 -0.00174975
5 6.00 -0.0025
5 7.00 -0.00337704
5 8.00 -0.00436603
5 9.00 -0.00546026
5 10.00 -0.00664255
5 11.00 -0.00790818
5 12.00 -0.00922467
5 13.00 -0.0105841
5 14.00 -0.0119631
5 15.00 -0.0133448
5 16.00 -0.014714
5 17.00 -0.0160605
5 18.00 -0.0173712
5 19.00 -0.0186695
5 20.00 -0.0199649
5 21.00 -0.0212747
5 22.00 -0.0226754
5 23.00 -0.0242213
5 24.00 -0.0259669
5 25.00 -0.0280032
5 26.00 -0.0304011
5 27.00 -0.0332721
5 28.00 -0.0366215
5 29.00 -0.040528
5 30.00 -0.04502
5 31.00 -0.0500894
5 32.00 -0.055709
5 33.00 -0.0617953
5 34.00 -0.0682946
5 35.00 -0.0750561
5 36.00 -0.0819526
5 37.00 -0.0888274
5 38.00 -0.0954715
5 39.00 -0.101752
5 40.00 -0.107497
5 41.00 -0.112596
5 42.00 -0.117004
5 43.00 -0.120625
5 44.00 -0.123458
5 45.00 -0.125674
5 46.00 -0.127383
5 47.00 -0.128786
5 48.00 -0.13008
5 49.00 -0.131378
5 50.00 -0.133062
5 51.00 -0.135236
5 52.00 -0.137995
5 53.00 -0.141564
5 54.00 -0.145968
5 55.00 -0.151186
5 56.00 -0.157039
5 57.00 -0.163593
5 58.00 -0.170394
5 59.00 -0.177326
5 60.00 -0.184133
5 61.00 -0.190424
5 62.00 -0.196056
5 63.00 -0.200713
5 64.00 -0.204086
5 65.00 -0.206445
5 66.00 -0.207282
5 67.00 -0.206865
5 68.00 -0.205387
5 69.00 -0.202841
5 70.00 -0.199381
5 71.00 -0.195519
5 72.00 -0.191067
5 73.00 -0.186557
5 74.00 -0.182353
5 75.00 -0.177899
5 76.00 -0.174185
5 77.00 -0.170598
5 78.00 -0.167944
5 79.00 -0.165235
5 80.00 -0.16354
5 81.00 -0.161867
5 82.00 -0.160225
5 83.00 -0.159073
5 84.00 -0.157937
5 85.00 -0.157015
5 86.00 -0.156132
5 87.00 -0.155002
5 88.00 -0.153982
5 89.00 -0.152703
5 90.00 -0.151543
5 91.00 -0.150188
5 92.00 -0.148895
5 93.00 -0.147405
5 94.00 -0.146633
5 95.00 -0.145611
5 96.00 -0.144404
5 97.00 -0.143979
5 98.00 -0.143312
5 99.00 -0.143088
5 100.00 -0.143168
5 101.00 -0.143172
5 102.00 -0.144049
5 103.00 -0.144862
5 104.00 -0.146659
5 105.00 -0.148317
5 106.00 -0.150316
5 107.00 -0.152826
5 108.00 -0.155761
5 109.00 -0.159025
5 110.00 -0.162696
5 111.00 -0.166182
5 112.00 -0.170052
5 113.00 -0.173611
5 114.00 -0.176369
5 115.00 -0.179472
5 116.00 -0.181766
5 117.00 -0.183824
5 118.00 -0.185081
5 119.00 -0.185659
5 120.00 -0.186021
5 121.00 -0.186275
5 122.00 -0.185784
5 123.00 -0.185205
5 124.00 -0.185068
5 125.00 -0.184839
5 126.00 -0.184426
5 127.00 -0.184437
5 128.00 -0.184853
5 129.00 -0.185167
5 130.00 -0.185472
5 131.00 -0.186246
5 132.00 -0.187
5 133.00 -0.187268
5 134.00 -0.187701
5 135.00 -0.187755
5 136.00 -0.187612
5 137.00 -0.187111
5 138.00 -0.186508
5 139.00 -0.185283
5 140.00 -0.183798
5 141.00 -0.182567
5 142.00 -0.18115
5 143.00 -0.180406
5 144.00 -0.179741
5 145.00 -0.17931
5 146.00 -0.179543
5 147.00 -0.180718
5 148.00 -0.182567
5 149.00 -0.185185
5 150.00 -0.188514
5 151.00 -0.192223
5 152.00 -0.196429
5 153.00 -0.201266
5 154.00 -0.205693
5 155.00 -0.21028
5 156.00 -0.213537
5 157.00 -0.216164
5 158.00 -0.217305
5 159.00 -0.215517
5 160.00 -0.21134
5 161.00 -0.203752
5 162.00 -0.192689
5 163.00 -0.178146
5 164.00 -0.160325
5 165.00 -0.140686
5 166.00 -0.119738
5 167.00 -0.0992063
5 168.00 -0.08028
5 169.00 -0.0630252
5 170.00 -0.0483928
5 171.00 -0.0362508
5 172.00 -0.0266263
5 173.00 -0.0188732
5 174.00 -0.0129322
5 175.00 -0.00847458
5 176.00 -0.00498812
5 177.00 -0.00274411
5 178.00 -0.0011121
5 179.00 -0.000218771
5 180.00 0
6 0.00 0
6 1.00 -1.07821e-05
6 2.00 -4.00825e-05
6 3.00 -9.32026e-05
6 4.00 -0.000173185
6 5.00 -0.000284553
6 6.00 -0.000441962
6 7.00 -0.000650688
6 8.00 -0.000922575
6 9.00 -0.00127269
6 10.00 -0.00171988
6 11.00 -0.00229337
6 12.00 -0.00300995
6 13.00 -0.00390161
6 14.00 -0.00499776
6 15.00 -0.00633878
6 16.00 -0.00796972
6 17.00 -0.00991838
6 18.00 -0.0122307
6 19.00 -0.0149282
6 20.00 -0.0180513
6 21.00 -0.0216089
6 22.00 -0.0255957
6 23.00 -0.0300122
6 24.00 -0.0347852
6 25.00 -0.0398807
6 26.00 -0.0452242
6 27.00 -0.0507484
6 28.00 -0.0563385
6 29.00 -0.0618836
6 30.00 -0.0673579
6 31.00 -0.07271
6 32.00 -0.0778791
6 33.00 -0.0828615
6 34.00 -0.0877581
6 35.00 -0.0925646
6 36.00 -0.0974535
6 37.00 -0.102469
6 38.00 -0.107683
6 39.00 -0.113164
6 40.00 -0.118946
6 41.00 -0.124891
6 42.00 -0.130854
6 43.00 -0.136708
6 44.00 -0.142218
6 45.00 -0.146958
6 46.00 -0.150852
6 47.00 -0.153401
6 48.00 -0.154739
6 49.00 -0.154629
6 50.00 -0.153178
6 51.00 -0.150644
6 52.00 -0.147084
6 53.00 -0.143246
6 54.00 -0.139177
6 55.00 -0.135598
6 56.00 -0.132798
6 57.00 -0.131023
6 58.00 -0.130751
6 59.00 -0.132029
6 60.00 -0.134655
6 61.00 -0.138598
6 62.00 -0.143278
6 63.00 -0.148721
6 64.00 -0.153816
6 65.00 -0.158487
6 66.00 -0.162088
6 67.00 -0.164049
6 68.00 -0.164266
6 69.00 -0.162413
6 70.00 -0.158776
6 71.00 -0.153562
6 72.00 -0.146887
6 73.00 -0.139486
6 74.00 -0.13207
6 75.00 -0.124651
6 76.00 -0.118463
6 77.00 -0.113568
6 78.00 -0.11039
6 79.00 -0.109475
6 80.00 -0.111001
6 81.00 -0.114883
6 82.00 -0.12061
6 83.00 -0.128393
6 84.00 -0.137173
6 85.00 -0.147047
6 86.00 -0.157258
6 87.00 -0.167359
6 88.00 -0.176923
6 89.00 -0.185771
6 90.00 -0.193054
6 91.00 -0.199352
6 92.00 -0.204362
6 93.00 -0.208252
6 94.00 -0.211519
6 95.00 -0.213706
6 96.00 -0.215544
6 97.00 -0.21723
6 98.00 -0.218632
6 99.00 -0.219846
6 100.00 -0.221974
6 101.00 -0.223796
6 102.00 -0.225992
6 103.00 -0.229021
6 104.00 -0.231858
6 105.00 -0.235084
6 106.00 -0.238698
6 107.00 -0.243013
6 108.00 -0.247095
6 109.00 -0.251538
6 110.00 -0.256015
6 111.00 -0.259877
6 112.00 -0.264035
6 113.00 -0.267978
6 114.00 -0.270948
6 115.00 -0.273058
6 116.00 -0.274639
6 117.00 -0.275104
6 118.00 -0.274165
6 119.00 -0.27278
6 120.00 -0.270255
6 121.00 -0.266667
6 122.00 -0.262099
6 123.00 -0.256778
6 124.00 -0.251168
6 125.00 -0.244939
6 126.00 -0.238166
6 127.00 -0.231028
6 128.00 -0.224041
6 129.00 -0.216401
6 130.00 -0.208518
6 131.00 -0.200692
6 132.00 -0.192405
6 133.00 -0.184178
6 134.00 -0.175926
6 135.00 -0.167389
6 136.00 -0.158951
6 137.00 -0.150965
6 138.00 -0.142645
6 139.00 -0.13477
6 140.00 -0.126978
6 141.00 -0.119588
6 142.00 -0.112632
6 143.00 -0.105666
6 144.00 -0.0994475
6 145.00 -0.0935351
6 146.00 -0.0882555
6 147.00 -0.0839065
6 148.00 -0.080428
6 149.00 -0.0781521
6 150.00 -0.0774081
6 151.00 -0.0778761
6 152.00 -0.080258
6 153.00 -0.0842717
6 154.00 -0.0899373
6 155.00 -0.0970037
6 156.00 -0.105524
6 157.00 -0.11443
6 158.00 -0.123271
6 159.00 -0.131643
6 160.00 -0.138058
6 161.00 -0.141906
6 162.00 -0.142617
6 163.00 -0.139053
6 164.00 -0.131203
6 165.00 -0.119057
6 166.00 -0.103808
6 167.00 -0.0865237
6 168.00 -0.0685179
6 169.00 -0.0520309
6 170.00 -0.0374613
6 171.00 -0.0255754
6 172.00 -0.0166754
6 173.00 -0.0102969
6 174.00 -0.00597874
6 175.00 -0.00309661
6 176.00 -0.00155551
6 177.00 -0.000741427
6 178.00 -0.000179019
6 179.00 0
6 180.00 0
7 0.00 0
7 1.00 -4.6736e-05
7 2.00 -0.000187943
7 3.00 -0.000426404
7 4.00 -0.000768864
7 5.00 -0.00122549
7 6.00 -0.0018026
7 7.00 -0.00251602
7 8.00 -0.00337704
7 9.00 -0.00439937
7 10.00 -0.00560189
7 11.00 -0.00699826
7 12.00 -0.00860888
7 13.00 -0.0104372
7 14.00 -0.0124894
7 15.00 -0.0147806
7 16.00 -0.0172971
7 17.00 -0.0200395
7 18.00 -0.0229932
7 19.00 -0.0261254
7 20.00 -0.0294179
7 21.00 -0.0328691
7 22.00 -0.0364144
7 23.00 -0.0400357
7 24.00 -0.0437066
7 25.00 -0.0474104
7 26.00 -0.0511094
7 27.00 -0.0547894
7 28.00 -0.0584784
7 29.00 -0.0621668
7 30.00 -0.0658781
7 31.00 -0.0696487
7 32.00 -0.0735045
7 33.00 -0.0775334
7 34.00 -0.0816187
7 35.00 -0.0857782
7 36.00 -0.0899172
7 37.00 -0.0938582
7 38.00 -0.0974685
7 39.00 -0.100533
7 40.00 -0.102923
7 41.00 -0.1045
7 42.00 -0.105295
7 43.00 -0.105221
7 44.00 -0.10453
7 45.00 -0.10333
7 46.00 -0.101658
7 47.00 -0.10002
7 48.00 -0.0982695
7 49.00 -0.0967252
7 50.00 -0.0955693
7 51.00 -0.0946134
7 52.00 -0.0941219
7 53.00 -0.0939096
7 54.00 -0.093984
7 55.00 -0.0944028
7 56.00 -0.095344
7 57.00 -0.0965507
7 58.00 -0.0985303
7 59.00 -0.101045
7 60.00 -0.104461
7 61.00 -0.108861
7 62.00 -0.114
7 63.00 -0.12011
7 64.00 -0.126522
7 65.00 -0.133386
7 66.00 -0.139946
7 67.00 -0.145851
7 68.00 -0.150633
7 69.00 -0.153899
7 70.00 -0.155486
7 71.00 -0.155473
7 72.00 -0.154005
7 73.00 -0.151491
7 74.00 -0.148603
7 75.00 -0.146178
7 76.00 -0.144932
7 77.00 -0.145512
7 78.00 -0.148804
7 79.00 -0.154685
7 80.00 -0.164132
7 81.00 -0.175889
7 82.00 -0.189773
7 83.00 -0.204528
7 84.00 -0.219502
7 85.00 -0.232922
7 86.00 -0.244211
7 87.00 -0.252582
7 88.00 -0.257469
7 89.00 -0.25886
7 90.00 -0.257444
7 91.00 -0.253627
7 92.00 -0.247368
7 93.00 -0.24094
7 94.00 -0.234085
7 95.00 -0.228322
7 96.00 -0.223505
7 97.00 -0.220375
7 98.00 -0.219245
7 99.00 -0.219254
7 100.00 -0.220904
7 101.00 -0.223812
7 102.00 -0.226142
7 103.00 -0.228705
7 104.00 -0.229595
7 105.00 -0.23036
7 106.00 -0.22908
7 107.00 -0.227056
7 108.00 -0.223952
7 109.00 -0.220084
7 110.00 -0.21558
7 111.00 -0.211643
7 112.00 -0.207674
7 113.00 -0.204643
7 114.00 -0.202819
7 115.00 -0.20184
7 116.00 -0.20233
7 117.00 -0.204281
7 118.00 -0.206813
7 119.00 -0.210018
7 120.00 -0.2142
7 121.00 -0.218695
7 122.00 -0.222992
7 123.00 -0.227376
7 124.00 -0.230812
7 125.00 -0.233871
7 126.00 -0.235632
7 127.00 -0.236069
7 128.00 -0.236016
7 129.00 -0.233982
7 130.00 -0.230734
7 131.00 -0.226507
7 132.00 -0.220557
7 133.00 -0.213576
7 134.00 -0.205364
7 135.00 -0.196899
7 136.00 -0.187523
7 137.00 -0.178532
7 138.00 -0.169154
7 139.00 -0.160139
7 140.00 -0.151864
7 141.00 -0.144234
7 142.00 -0.137165
7 143.00 -0.130631
7 144.00 -0.125199
7 145.00 -0.119849
7 146.00 -0.115169
7 147.00 -0.110801
7 148.00 -0.106745
7 149.00 -0.102968
7 150.00 -0.0994424
7 151.00 -0.096483
7 152.00 -0.093985
7 153.00 -0.0926336
7 154.00 -0.0923913
7 155.00 -0.0932039
7 156.00 -0.0957691
7 157.00 -0.0991021
7 158.00 -0.103506
7 159.00 -0.108265
7 160.00 -0.112686
7 161.00 -0.115881
7 162.00 -0.117047
7 163.00 -0.115656
7 164.00 -0.110759
7 165.00 -0.102296
7 166.00 -0.0906612
7 167.00 -0.0765172
7 168.00 -0.0611216
7 169.00 -0.046035
7 170.00 -0.0323741
7 171.00 -0.0212113
7 172.00 -0.0124413
7 173.00 -0.00667959
7 174.00 -0.00297619
7 175.00 -0.000919794
7 176.00 0
7 177.00 0.000326531
7 178.00 0.000156961
7 179.00 0
7 180.00 0
8 0.00 0
8 1.00 -0.000132645
8 2.00 -0.000528387
8 3.00 -0.00118649
8 4.00 -0.00209934
8 5.00 -0.00326169
8 6.00 -0.0046586
8 7.00 -0.00627635
8 8.00 -0.00809444
8 9.00 -0.0100849
8 10.00 -0.0122112
8 11.00 -0.0144304
8 12.00 -0.0166966
8 13.00 -0.0189534
8 14.00 -0.0211411
8 15.00 -0.0232326
8 16.00 -0.0251944
8 17.00 -0.0270413
8 18.00 -0.0287976
8 19.00 -0.0305068
8 20.00 -0.0322415
8 21.00 -0.0340338
8 22.00 -0.0358928
8 23.00 -0.0378317
8 24.00 -0.0398022
8 25.00 -0.0417698
8 26.00 -0.0436959
8 27.00 -0.0455068
8 28.00 -0.0471039
8 29.00 -0.048463
8 30.00 -0.0496293
8 31.00 -0.0504741
8 32.00 -0.0511676
8 33.00 -0.0516895
8 34.00 -0.0521662
8 35.00 -0.0526107
8 36.00 -0.052971
8 37.00 -0.0533826
8 38.00 -0.0537627
8 39.00 -0.0539988
8 40.00 -0.0541872
8 41.00 -0.0543312
8 42.00 -0.054356
8 43.00 -0.0543263
8 44.00 -0.0544193
8 45.00 -0.0546423
8 46.00 -0.0550128
8 47.00 -0.0558495
8 48.00 -0.0570069
8 49.00 -0.0586326
8 50.00 -0.0605765
8 51.00 -0.0629983
8 52.00 -0.0658278
8 53.00 -0.0690073
8 54.00 -0.0725624
8 55.00 -0.0765192
8 56.00 -0.0807777
8 57.00 -0.0854774
8 58.00 -0.0906241
8 59.00 -0.0960849
8 60.00 -0.101662
8 61.00 -0.107349
8 62.00 -0.112886
8 63.00 -0.118061
8 64.00 -0.122567
8 65.00 -0.126529
8 66.00 -0.1299
8 67.00 -0.132366
8 68.00 -0.134533
8 69.00 -0.136385
8 70.00 -0.138182
8 71.00 -0.140448
8 72.00 -0.143492
8 73.00 -0.147474
8 74.00 -0.152695
8 75.00 -0.159624
8 76.00 -0.168039
8 77.00 -0.177757
8 78.00 -0.188816
8 79.00 -0.199864
8 80.00 -0.211158
8 81.00 -0.220722
8 82.00 -0.227991
8 83.00 -0.232378
8 84.00 -0.232882
8 85.00 -0.228945
8 86.00 -0.221243
8 87.00 -0.210004
8 88.00 -0.196365
8 89.00 -0.180657
8 90.00 -0.165414
8 91.00 -0.151647
8 92.00 -0.141
8 93.00 -0.134605
8 94.00 -0.133298
8 95.00 -0.137009
8 96.00 -0.144936
8 97.00 -0.156751
8 98.00 -0.170064
8 99.00 -0.183915
8 100.00 -0.195808
8 101.00 -0.205206
8 102.00 -0.210751
8 103.00 -0.2127
8 104.00 -0.211933
8 105.00 -0.208777
8 106.00 -0.204804
8 107.00 -0.201274
8 108.00 -0.199487
8 109.00 -0.199742
8 110.00 -0.202327
8 111.00 -0.207498
8 112.00 -0.215345
8 113.00 -0.223718
8 114.00 -0.232676
8 115.00 -0.240881
8 116.00 -0.247672
8 117.00 -0.251988
8 118.00 -0.253758
8 119.00 -0.252806
8 120.00 -0.24971
8 121.00 -0.244041
8 122.00 -0.236535
8 123.00 -0.227223
8 124.00 -0.217575
8 125.00 -0.206292
8 126.00 -0.194779
8 127.00 -0.182927
8 128.00 -0.170455
8 129.00 -0.157871
8 130.00 -0.145907
8 131.00 -0.134367
8 132.00 -0.123488
8 133.00 -0.113131
8 134.00 -0.104191
8 135.00 -0.0965046
8 136.00 -0.0896679
8 137.00 -0.0839311
8 138.00 -0.0796089
8 139.00 -0.075902
8 140.00 -0.0727817
8 141.00 -0.0701982
8 142.00 -0.0681529
8 143.00 -0.0659581
8 144.00 -0.0642879
8 145.00 -0.0628034
8 146.00 -0.0614877
8 147.00 -0.0600654
8 148.00 -0.0594147
8 149.00 -0.0586502
8 150.00 -0.0583726
8 151.00 -0.0579539
8 152.00 -0.0580012
8 153.00 -0.0579232
8 154.00 -0.0583055
8 155.00 -0.0590951
8 156.00 -0.0609375
8 157.00 -0.063769
8 158.00 -0.0685769
8 159.00 -0.0753179
8 160.00 -0.0839644
8 161.00 -0.0940086
8 162.00 -0.104339
8 163.00 -0.114041
8 164.00 -0.120926
8 165.00 -0.12412
8 166.00 -0.122741
8 167.00 -0.115385
8 168.00 -0.103498
8 169.00 -0.0879329
8 170.00 -0.0704545
8 171.00 -0.0530126
8 172.00 -0.0375456
8 173.00 -0.0247739
8 174.00 -0.015157
8 175.00 -0.00865945
8 176.00 -0.00450031
8 177.00 -0.00204978
8 178.00 -0.000701164
8 179.00 -0.000136556
8 180.00 0
9 0.00 0
9 1.00 -4.45536e-05
9 2.00 -0.000182674
9 3.00 -0.000424642
9 4.00 -0.000791912
9 5.00 -0.0013021
9 6.00 -0.00197954
9 7.00 -0.0028376
9 8.00 -0.00386816
9 9.00 -0.00503821
9 10.00 -0.00625659
9 11.00 -0.00739647
9 12.00 -0.00825274
9 13.00 -0.00863332
9 14.00 -0.00835984
9 15.00 -0.00742273
9 16.00 -0.00596565
9 17.00 -0.00435335
9 18.00 -0.00306957
9 19.00 -0.00261322
9 20.00 -0.00333397
9 21.00 -0.00539763
9 22.00 -0.00871659
9 23.00 -0.0128855
9 24.00 -0.0172958
9 25.00 -0.0211978
9 26.00 -0.0239273
9 27.00 -0.0250358
9 28.00 -0.0244395
9 29.00 -0.0223046
9 30.00 -0.019097
9 31.00 -0.0154453
9 32.00 -0.011821
9 33.00 -0.00877728
9 34.00 -0.00665829
9 35.00 -0.00562961
9 36.00 -0.00573295
9 37.00 -0.00700549
9 38.00 -0.00941127
9 39.00 -0.012613
9 40.00 -0.0166041
9 41.00 -0.0209882
9 42.00 -0.025641
9 43.00 -0.0301781
9 44.00 -0.0344269
9 45.00 -0.0383666
9 46.00 -0.0416895
9 47.00 -0.0445225
9 48.00 -0.0470031
9 49.00 -0.0491719
9 50.00 -0.0512986
9 51.00 -0.0536875
9 52.00 -0.0565773
9 53.00 -0.0602572
9 54.00 -0.0645409
9 55.00 -0.0697363
9 56.00 -0.0755245
9 57.00 -0.0817996
9 58.00 -0.0885941
9 59.00 -0.0956245
9 60.00 -0.102756
9 61.00 -0.110322
9 62.00 -0.118157
9 63.00 -0.12632
9 64.00 -0.134593
9 65.00 -0.143121
9 66.00 -0.151489
9 67.00 -0.159365
9 68.00 -0.16655
9 69.00 -0.172163
9 70.00 -0.176456
9 71.00 -0.178964
9 72.00 -0.179995
9 73.00 -0.179142
9 74.00 -0.176896
9 75.00 -0.173381
9 76.00 -0.168767
9 77.00 -0.163556
9 78.00 -0.157278
9 79.00 -0.150184
9 80.00 -0.14261
9 81.00 -0.134615
9 82.00 -0.126517
9 83.00 -0.118206
9 84.00 -0.110893
9 85.00 -0.104642
9 86.00 -0.100337
9 87.00 -0.0990834
9 88.00 -0.101174
9 89.00 -0.107326
9 90.00 -0.118015
9 91.00 -0.13201
9 92.00 -0.15
9 93.00 -0.169722
9 94.00 -0.190118
9 95.00 -0.209571
9 96.00 -0.226351
9 97.00 -0.239055
9 98.00 -0.246462
9 99.00 -0.248039
9 100.00 -0.245365
9 101.00 -0.237824
9 102.00 -0.227684
9 103.00 -0.217162
9 104.00 -0.208193
9 105.00 -0.201635
9 106.00 -0.198625
9 107.00 -0.200276
9 108.00 -0.205394
9 109.00 -0.21187
9 110.00 -0.219931
9 111.00 -0.226247
9 112.00 -0.231135
9 113.00 -0.232747
9 114.00 -0.232167
9 115.00 -0.228916
9 116.00 -0.224069
9 117.00 -0.218853
9 118.00 -0.214053
9 119.00 -0.209853
9 120.00 -0.20789
9 121.00 -0.206707
9 122.00 -0.206856
9 123.00 -0.20731
9 124.00 -0.207371
9 125.00 -0.206458
9 126.00 -0.203562
9 127.00 -0.199217
9 128.00 -0.192652
9 129.00 -0.184664
9 130.00 -0.174541
9 131.00 -0.163291
9 132.00 -0.15112
9 133.00 -0.138474
9 134.00 -0.125428
9 135.00 -0.112009
9 136.00 -0.0994318
9 137.00 -0.0869117
9 138.00 -0.0755408
9 139.00 -0.0645578
9 140.00 -0.0545797
9 141.00 -0.0452046
9 142.00 -0.0363745
9 143.00 -0.0280128
9 144.00 -0.0200401
9 145.00 -0.0121127
9 146.00 -0.00416898
9 147.00 0.00412541
9 148.00 0.012012
9 149.00 0.0195705
9 150.00 0.0263229
9 151.00 0.0318021
9 152.00 0.0357728
9 153.00 0.0376891
9 154.00 0.0375208
9 155.00 0.035473
9 156.00 0.0314465
9 157.00 0.026178
9 158.00 0.0192479
9 159.00 0.0111547
9 160.00 0.00214527
9 161.00 -0.00838509
9 162.00 -0.0194114
9 163.00 -0.0307499
9 164.00 -0.0418488
9 165.00 -0.0511872
9 166.00 -0.0573671
9 167.00 -0.0594436
9 168.00 -0.0570866
9 169.00 -0.0507208
9 170.00 -0.0408317
9 171.00 -0.0297536
9 172.00 -0.019013
9 173.00 -0.0103455
9 174.00 -0.00409617
9 175.00 -0.000489237
9 176.00 0.00105469
9 177.00 0.00126904
9 178.00 0.000670781
9 179.00 0.00026018
9 180.00 0
10 0.00 0
10 1.00 3.21242e-05
10 2.00 0.000129916
10 3.00 0.000294109
10 4.00 0.000520921
10 5.00 0.000812846
10 6.00 0.00116783
10 7.00 0.00157852
10 8.00 0.00204065
10 9.00 0.00254431
10 10.00 0.00308436
10 11.00 0.00364319
10 12.00 0.00421286
10 13.00 0.00477699
10 14.00 0.00531996
10 15.00 0.00579135
10 16.00 0.00614213
10 17.00 0.00629157
10 18.00 0.00613837
10 19.00 0.0056555
10 20.00 0.00487278
10 21.00 0.00397086
10 22.00 0.00312807
10 23.00 0.00269991
10 24.00 0.00286166
10 25.00 0.0036728
10 26.00 0.00509427
10 27.00 0.00688835
10 28.00 0.00871169
10 29.00 0.0103903
10 30.00 0.0116858
10 31.00 0.0125699
10 32.00 0.0130238
10 33.00 0.0131442
10 34.00 0.0129216
10 35.00 0.0124628
10 36.00 0.0116897
10 37.00 0.0105093
10 38.00 0.00867071
10 39.00 0.00602076
10 40.00 0.0024478
10 41.00 -0.00225158
10 42.00 -0.00791536
10 43.00 -0.0145011
10 44.00 -0.0217708
10 45.00 -0.0292429
10 46.00 -0.0366163
10 47.00 -0.0435338
10 48.00 -0.0497789
10 49.00 -0.0553283
10 50.00 -0.0603808
10 51.00 -0.0652123
10 52.00 -0.0703791
10 53.00 -0.0764455
10 54.00 -0.0837852
10 55.00 -0.0926926
10 56.00 -0.103176
10 57.00 -0.114777
10 58.00 -0.126823
10 59.00 -0.138203
10 60.00 -0.147923
10 61.00 -0.154851
10 62.00 -0.157946
10 63.00 -0.156796
10 64.00 -0.151628
10 65.00 -0.142827
10 66.00 -0.131382
10 67.00 -0.118126
10 68.00 -0.1047
10 69.00 -0.091888
10 70.00 -0.0805419
10 71.00 -0.071356
10 72.00 -0.0650407
10 73.00 -0.0615844
10 74.00 -0.0612876
10 75.00 -0.0642148
10 76.00 -0.0701062
10 77.00 -0.078673
10 78.00 -0.0895326
10 79.00 -0.10223
10 80.00 -0.115838
10 81.00 -0.130257
10 82.00 -0.144793
10 83.00 -0.158762
10 84.00 -0.17125
10 85.00 -0.181818
10 86.00 -0.190307
10 87.00 -0.196429
10 88.00 -0.199246
10 89.00 -0.198355
10 90.00 -0.195328
10 91.00 -0.189576
10 92.00 -0.181388
10 93.00 -0.172358
10 94.00 -0.163311
10 95.00 -0.154335
10 96.00 -0.147041
10 97.00 -0.141358
10 98.00 -0.13949
10 99.00 -0.139489
10 100.00 -0.143049
10 101.00 -0.14952
10 102.00 -0.158409
10 103.00 -0.169144
10 104.00 -0.179671
10 105.00 -0.190889
10 106.00 -0.20146
10 107.00 -0.209867
10 108.00 -0.216196
10 109.00 -0.220225
10 110.00 -0.221719
10 111.00 -0.221045
10 112.00 -0.218443
10 113.00 -0.215627
10 114.00 -0.212908
10 115.00 -0.209607
10 116.00 -0.207239
10 117.00 -0.204828
10 118.00 -0.202405
10 119.00 -0.199095
10 120.00 -0.193992
10 121.00 -0.1875
10 122.00 -0.179034
10 123.00 -0.169433
10 124.00 -0.158774
10 125.00 -0.147505
10 126.00 -0.136675
10 127.00 -0.127179
10 128.00 -0.118349
10 129.00 -0.111218
10 130.00 -0.105631
10 131.00 -0.101033
10 132.00 -0.0969697
10 133.00 -0.0926158
10 134.00 -0.0884956
10 135.00 -0.0830101
10 136.00 -0.0771536
10 137.00 -0.070601
10 138.00 -0.0634198
10 139.00 -0.0560272
10 140.00 -0.0484349
10 141.00 -0.0413064
10 142.00 -0.034601
10 143.00 -0.0285714
10 144.00 -0.023166
10 145.00 -0.0186101
10 146.00 -0.0142694
10 147.00 -0.0103874
10 148.00 -0.0063659
10 149.00 -0.00273673
10 150.00 0.00135685
10 151.00 0.00539811
10 152.00 0.00969044
10 153.00 0.0134662
10 154.00 0.0167522
10 155.00 0.0192987
10 156.00 0.0210959
10 157.00 0.0215827
10 158.00 0.0212647
10 159.00 0.0195357
10 160.00 0.0166189
10 161.00 0.0118772
10 162.00 0.00584454
10 163.00 -0.0020564
10 164.00 -0.0114638
10 165.00 -0.0210526
10 166.00 -0.0297516
10 167.00 -0.0365025
10 168.00 -0.0397914
10 169.00 -0.0386944
10 170.00 -0.0341561
10 171.00 -0.026561
10 172.00 -0.0180723
10 173.00 -0.0102342
10 174.00 -0.00430262
10 175.00 -0.000654129
10 176.00 0.00105184
10 177.00 0.00125874
10 178.00 0.000794702
10 179.00 0.000256049
10 180.00 0
11 0.00 0
11 1.00 -6.87797e-05
11 2.00 -0.000281543
11 3.00 -0.000654596
11 4.00 -0.0012193
11 5.00 -0.00201456
11 6.00 -0.00309365
11 7.00 -0.00450399
11 8.00 -0.00627466
11 9.00 -0.00838329
11 10.00 -0.0107057
11 11.00 -0.0129417
11 12.00 -0.0146156
11 13.00 -0.0151195
11 14.00 -0.0139022
11 15.00 -0.0106393
11 16.00 -0.00542641
11 17.00 0.00131869
11 18.00 0.00892454
11 19.00 0.0166514
11 20.00 0.0238723
11 21.00 0.0301664
11 22.00 0.0354334
11 23.00 0.0398285
11 24.00 0.0436843
11 25.00 0.0471382
11 26.00 0.0502501
11 27.00 0.0528512
11 28.00 0.0547354
11 29.00 0.0557449
11 30.00 0.0557836
11 31.00 0.0548559
11 32.00 0.0531291
11 33.00 0.050776
11 34.00 0.0477303
11 35.00 0.0439654
11 36.00 0.0391346
11 37.00 0.0331135
11 38.00 0.0255031
11 39.00 0.0162852
11 40.00 0.00570372
11 41.00 -0.00575178
11 42.00 -0.0174498
11 43.00 -0.028597
11 44.00 -0.0386021
11 45.00 -0.0470865
11 46.00 -0.0541705
11 47.00 -0.0603753
11 48.00 -0.0660462
11 49.00 -0.0718226
11 50.00 -0.0780962
11 51.00 -0.0845161
11 52.00 -0.090589
11 53.00 -0.0955423
11 54.00 -0.0984118
11 55.00 -0.0984696
11 56.00 -0.0954975
11 57.00 -0.0895868
11 58.00 -0.0816916
11 59.00 -0.0727716
11 60.00 -0.0642169
11 61.00 -0.0567142
11 62.00 -0.0515619
11 63.00 -0.0491358
11 64.00 -0.0497082
11 65.00 -0.0535789
11 66.00 -0.0606987
11 67.00 -0.0710046
11 68.00 -0.0841501
11 69.00 -0.099424
11 70.00 -0.115889
11 71.00 -0.132785
11 72.00 -0.148796
11 73.00 -0.163375
11 74.00 -0.175553
11 75.00 -0.184416
11 76.00 -0.190074
11 77.00 -0.192213
11 78.00 -0.191187
11 79.00 -0.186556
11 80.00 -0.179256
11 81.00 -0.170247
11 82.00 -0.159463
11 83.00 -0.148068
11 84.00 -0.137466
11 85.00 -0.128717
11 86.00 -0.121635
11 87.00 -0.117413
11 88.00 -0.1158
11 89.00 -0.117146
11 90.00 -0.121629
11 91.00 -0.127345
11 92.00 -0.13615
11 93.00 -0.145796
11 94.00 -0.156814
11 95.00 -0.16869
11 96.00 -0.180865
11 97.00 -0.191275
11 98.00 -0.199039
11 99.00 -0.202807
11 100.00 -0.202441
11 101.00 -0.197649
11 102.00 -0.189759
11 103.00 -0.179012
11 104.00 -0.167589
11 105.00 -0.157639
11 106.00 -0.150741
11 107.00 -0.147157
11 108.00 -0.147804
11 109.00 -0.151824
11 110.00 -0.15678
11 111.00 -0.162025
11 112.00 -0.164992
11 113.00 -0.166805
11 114.00 -0.165846
11 115.00 -0.162206
11 116.00 -0.1568
11 117.00 -0.150275
11 118.00 -0.143187
11 119.00 -0.137079
11 120.00 -0.131789
11 121.00 -0.129436
11 122.00 -0.127745
11 123.00 -0.12801
11 124.00 -0.12944
11 125.00 -0.129788
11 126.00 -0.129348
11 127.00 -0.127198
11 128.00 -0.122348
11 129.00 -0.115094
11 130.00 -0.105335
11 131.00 -0.0938315
11 132.00 -0.0807869
11 133.00 -0.0666667
11 134.00 -0.052755
11 135.00 -0.0393641
11 136.00 -0.027533
11 137.00 -0.0174626
11 138.00 -0.00934903
11 139.00 -0.0037037
11 140.00 0.000327869
11 141.00 0.00287632
11 142.00 0.00468019
11 143.00 0.00610314
11 144.00 0.00777512
11 145.00 0.00998238
11 146.00 0.013576
11 147.00 0.0182336
11 148.00 0.0239369
11 149.00 0.0307005
11 150.00 0.0377149
11 151.00 0.0450401
11 152.00 0.0522099
11 153.00 0.0587258
11 154.00 0.0641204
11 155.00 0.0684122
11 156.00 0.0710211
11 157.00 0.0718841
11 158.00 0.0711544
11 159.00 0.0680518
11 160.00 0.0626536
11 161.00 0.0550861
11 162.00 0.0451654
11 163.00 0.0328397
11 164.00 0.0187885
11 165.00 0.0038835
11 166.00 -0.0109044
11 167.00 -0.0232924
11 168.00 -0.0314985
11 169.00 -0.0343511
11 170.00 -0.0319889
11 171.00 -0.0251948
11 172.00 -0.0162679
11 173.00 -0.00762527
11 174.00 -0.00118227
11 175.00 0.00267284
11 176.00 0.00373134
11 177.00 0.00299446
11 178.00 0.00168966
11 179.00 0.000406504
11 180.00 0
12 0.00 0
12 1.00 -5.95116e-05
12 2.00 -0.000238621
12 3.00 -0.000534604
12 4.00 -0.000941096
12 5.00 -0.00144042
12 6.00 -0.0019884
12 7.00 -0.00249682
12 8.00 -0.00280827
12 9.00 -0.00267271
12 10.00 -0.00175574
12 11.00 0.000278456
12 12.00 0.00364066
12 13.00 0.00825445
12 14.00 0.0137677
12 15.00 0.0197728
12 16.00 0.025943
12 17.00 0.0322423
12 18.00 0.0387681
12 19.00 0.0457273
12 20.00 0.0531897
12 21.00 0.0609975
12 22.00 0.0685185
12 23.00 0.0749806
12 24.00 0.0796166
12 25.00 0.0818254
12 26.00 0.0814346
12 27.00 0.0785734
12 28.00 0.0736576
12 29.00 0.0674515
12 30.00 0.0605375
12 31.00 0.0535704
12 32.00 0.0468158
12 33.00 0.0404659
12 34.00 0.0343874
12 35.00 0.0282478
12 36.00 0.0217946
12 37.00 0.0150924
12 38.00 0.00816018
12 39.00 0.00126372
12 40.00 -0.00536436
12 41.00 -0.0117322
12 42.00 -0.01797
12 43.00 -0.024448
12 44.00 -0.0315212
12 45.00 -0.0388503
12 46.00 -0.045945
12 47.00 -0.0516553
12 48.00 -0.054541
12 49.00 -0.053744
12 50.00 -0.0489109
12 51.00 -0.0412882
12 52.00 -0.0325857
12 53.00 -0.0254005
12 54.00 -0.021437
12 55.00 -0.0218845
12 56.00 -0.0268446
12 57.00 -0.0360111
12 58.00 -0.0475543
12 59.00 -0.0603479
12 60.00 -0.0724368
12 61.00 -0.0830093
12 62.00 -0.091482
12 63.00 -0.0977268
12 64.00 -0.10253
12 65.00 -0.106348
12 66.00 -0.109821
12 67.00 -0.112822
12 68.00 -0.115557
12 69.00 -0.117083
12 70.00 -0.117479
12 71.00 -0.116079
12 72.00 -0.113329
12 73.00 -0.109131
12 74.00 -0.104084
12 75.00 -0.0989086
12 76.00 -0.094313
12 77.00 -0.0911087
12 78.00 -0.0894278
12 79.00 -0.0898744
12 80.00 -0.0930516
12 81.00 -0.0980227
12 82.00 -0.104919
12 83.00 -0.113114
12 84.00 -0.121792
12 85.00 -0.130561
12 86.00 -0.138415
12 87.00 -0.144641
12 88.00 -0.147948
12 89.00 -0.147982
12 90.00 -0.144354
12 91.00 -0.136556
12 92.00 -0.126725
12 93.00 -0.116536
12 94.00 -0.106685
12 95.00 -0.10084
12 96.00 -0.0993474
12 97.00 -0.103448
12 98.00 -0.111197
12 99.00 -0.122222
12 100.00 -0.132305
12 101.00 -0.140612
12 102.00 -0.144416
12 103.00 -0.144312
12 104.00 -0.140411
12 105.00 -0.133621
12 106.00 -0.12565
12 107.00 -0.116827
12 108.00 -0.108772
12 109.00 -0.1015
12 110.00 -0.0957447
12 111.00 -0.0923623
12 112.00 -0.0912312
12 113.00 -0.0921861
12 114.00 -0.0950735
12 115.00 -0.0990686
12 116.00 -0.10322
12 117.00 -0.10539
12 118.00 -0.106667
12 119.00 -0.106513
12 120.00 -0.105026
12 121.00 -0.104335
12 122.00 -0.103523
12 123.00 -0.103714
12 124.00 -0.105299
12 125.00 -0.106536
12 126.00 -0.106808
12 127.00 -0.105107
12 128.00 -0.1018
12 129.00 -0.0962766
12 130.00 -0.0891688
12 131.00 -0.0808612
12 132.00 -0.0720474
12 133.00 -0.0632635
12 134.00 -0.0540881
12 135.00 -0.0452891
12 136.00 -0.0360078
12 137.00 -0.0273556
12 138.00 -0.0192308
12 139.00 -0.0119048
12 140.00 -0.00528728
12 141.00 0
12 142.00 0.00405542
12 143.00 0.00728718
12 144.00 0.0094217
12 145.00 0.0111607
12 146.00 0.013467
12 147.00 0.0166307
12 148.00 0.0212379
12 149.00 0.0278443
12 150.00 0.0361267
12 151.00 0.0454946
12 152.00 0.0556689
12 153.00 0.0652552
12 154.00 0.0734741
12 155.00 0.0798149
12 156.00 0.084058
12 157.00 0.0857143
12 158.00 0.0852941
12 159.00 0.0827135
12 160.00 0.078455
12 161.00 0.0720196
12 162.00 0.0637834
12 163.00 0.0539602
12 164.00 0.0427569
12 165.00 0.0308384
12 166.00 0.018965
12 167.00 0.0083014
12 168.00 -0.000314169
12 169.00 -0.00519719
12 170.00 -0.00645729
12 171.00 -0.00388565
12 172.00 0.000516262
12 173.00 0.00544121
12 174.00 0.00879451
12 175.00 0.00968804
12 176.00 0.00825865
12 177.00 0.00580833
12 178.00 0.00286922
12 179.00 0.000724218
12 180.00 0
13 0.00 0
13 1.00 -0.00011998
13 2.00 -0.000479823
13 3.00 -0.00108041
13 4.00 -0.0019119
13 5.00 -0.00292744
13 6.00 -0.00400952
13 7.00 -0.00491777
13 8.00 -0.00523183
13 9.00 -0.0043533
13 10.00 -0.00166942
13 11.00 0.00314375
13 12.00 0.00983158
13 13.00 0.0175955
13 14.00 0.0255249
13 15.00 0.0328986
13 16.00 0.0393678
13 17.00 0.0448274
13 18.00 0.0493337
13 19.00 0.0529073
13 20.00 0.0554931
13 21.00 0.0570704
13 22.00 0.057567
13 23.00 0.0571719
13 24.00 0.0561567
13 25.00 0.0549189
13 26.00 0.0538476
13 27.00 0.0531706
13 28.00 0.0529258
13 29.00 0.0526678
13 30.00 0.0518276
13 31.00 0.0497498
13 32.00 0.0460658
13 33.00 0.0405646
13 34.00 0.0336123
13 35.00 0.0257764
13 36.00 0.0174825
13 37.00 0.00904769
13 38.00 0.000405515
13 39.00 -0.00827658
13 40.00 -0.0170115
13 41.00 -0.0252035
13 42.00 -0.0316469
13 43.00 -0.034913
13 44.00 -0.0341968
13 45.00 -0.0294597
13 46.00 -0.0219832
13 47.00 -0.0140963
13 48.00 -0.00786259
13 49.00 -0.00505424
13 50.00 -0.00684584
13 51.00 -0.0130315
13 52.00 -0.0227273
13 53.00 -0.0344878
13 54.00 -0.0461139
13 55.00 -0.055627
13 56.00 -0.0621097
13 57.00 -0.0653364
13 58.00 -0.0657943
13 59.00 -0.0649251
13 60.00 -0.0638511
13 61.00 -0.0632436
13 62.00 -0.0638344
13 63.00 -0.0657865
13 64.00 -0.0694577
13 65.00 -0.0743042
13 66.00 -0.0811722
13 67.00 -0.0888949
13 68.00 -0.0966021
13 69.00 -0.103318
13 70.00 -0.107068
13 71.00 -0.107664
13 72.00 -0.10422
13 73.00 -0.098912
13 74.00 -0.093047
13 75.00 -0.0887553
13 76.00 -0.0876289
13 77.00 -0.0903499
13 78.00 -0.0952955
13 79.00 -0.100968
13 80.00 -0.104569
13 81.00 -0.104853
13 82.00 -0.100476
13 83.00 -0.0924827
13 84.00 -0.0831622
13 85.00 -0.075693
13 86.00 -0.0714286
13 87.00 -0.0730305
13 88.00 -0.0799523
13 89.00 -0.0914145
13 90.00 -0.10325
13 91.00 -0.113368
13 92.00 -0.119624
13 93.00 -0.119146
13 94.00 -0.112915
13 95.00 -0.102824
13 96.00 -0.0900968
13 97.00 -0.077573
13 98.00 -0.0666667
13 99.00 -0.0591133
13 100.00 -0.0552251
13 101.00 -0.0553603
13 102.00 -0.0598911
13 103.00 -0.0682243
13 104.00 -0.0806916
13 105.00 -0.0954724
13 106.00 -0.113454
13 107.00 -0.131498
13 108.00 -0.148454
13 109.00 -0.162694
13 110.00 -0.170984
13 111.00 -0.173196
13 112.00 -0.167347
13 113.00 -0.156093
13 114.00 -0.138751
13 115.00 -0.118793
13 116.00 -0.0983763
13 117.00 -0.0802988
13 118.00 -0.0664845
13 119.00 -0.059135
13 120.00 -0.0570213
13 121.00 -0.0595918
13 122.00 -0.0639626
13 123.00 -0.0685034
13 124.00 -0.0725979
13 125.00 -0.0756646
13 126.00 -0.0766208
13 127.00 -0.0761965
13 128.00 -0.0750151
13 129.00 -0.0713043
13 130.00 -0.0663717
13 131.00 -0.0583596
13 132.00 -0.0483308
13 133.00 -0.0363379
13 134.00 -0.022829
13 135.00 -0.00937367
13 136.00 0.00325998
13 137.00 0.0141066
13 138.00 0.023476
13 139.00 0.0308937
13 140.00 0.0373027
13 141.00 0.0432186
13 142.00 0.0490501
13 143.00 0.0555177
13 144.00 0.0629418
13 145.00 0.0703333
13 146.00 0.0783471
13 147.00 0.0863144
13 148.00 0.0936073
13 149.00 0.0999027
13 150.00 0.105229
13 151.00 0.108968
13 152.00 0.110791
13 153.00 0.111005
13 154.00 0.108958
13 155.00 0.10443
13 156.00 0.0977301
13 157.00 0.0882815
13 158.00 0.0768266
13 159.00 0.0633626
13 160.00 0.049072
13 161.00 0.034188
13 162.00 0.0194888
13 163.00 0.00517464
13 164.00 -0.00819941
13 165.00 -0.0206391
13 166.00 -0.0313977
13 167.00 -0.0402868
13 168.00 -0.0456574
13 169.00 -0.0475702
13 170.00 -0.0447962
13 171.00 -0.0378096
13 172.00 -0.0275116
13 173.00 -0.0169443
13 174.00 -0.00760157
13 175.00 -0.00142079
13 176.00 0.00149701
13 177.00 0.0019516
13 178.00 0.00127088
13 179.00 0.000346741
13 180.00 0
14 0.00 0
14 1.00 -5.37519e-05
14 2.00 -0.000201659
14 3.00 -0.000405096
14 4.00 -0.000586621
14 5.00 -0.000613849
14 6.00 -0.000288716
14 7.00 0.000662512
14 8.00 0.00253579
14 9.00 0.00553893
14 10.00 0.00961012
14 11.00 0.0144112
14 12.00 0.0195218
14 13.00 0.024787
14 14.00 0.0303257
14 15.00 0.0364358
14 16.00 0.0431282
14 17.00 0.0500893
14 18.00 0.05656
14 19.00 0.061707
14 20.00 0.0649505
14 21.00 0.0661179
14 22.00 0.0654968
14 23.00 0.0637428
14 24.00 0.0614148
14 25.00 0.0590151
14 26.00 0.0568712
14 27.00 0.0549591
14 28.00 0.0530331
14 29.00 0.0508623
14 30.00 0.0480587
14 31.00 0.0443439
14 32.00 0.0392257
14 33.00 0.0323517
14 34.00 0.0234116
14 35.00 0.0125
14 36.00 0.000661649
14 37.00 -0.010142
14 38.00 -0.0172911
14 39.00 -0.018415
14 40.00 -0.0131812
14 41.00 -0.00317334
14 42.00 0.00826446
14 43.00 0.0177764
14 44.00 0.022832
14 45.00 0.021914
14 46.00 0.0150943
14 47.00 0.00329218
14 48.00 -0.0108941
14 49.00 -0.0248
14 50.00 -0.0357496
14 51.00 -0.0424044
14 52.00 -0.0451573
14 53.00 -0.045949
14 54.00 -0.0468301
14 55.00 -0.0494893
14 56.00 -0.0547392
14 57.00 -0.0621166
14 58.00 -0.0703719
14 59.00 -0.0778356
14 60.00 -0.0832073
14 61.00 -0.0859637
14 62.00 -0.0861111
14 63.00 -0.0839111
14 64.00 -0.0805137
14 65.00 -0.0763924
14 66.00 -0.072867
14 67.00 -0.0705817
14 68.00 -0.0699281
14 69.00 -0.0711272
14 70.00 -0.0739804
14 71.00 -0.0769741
14 72.00 -0.078554
14 73.00 -0.0784314
14 74.00 -0.0763994
14 75.00 -0.0746855
14 76.00 -0.0750714
14 77.00 -0.0795936
14 78.00 -0.0891916
14 79.00 -0.102143
14 80.00 -0.114894
14 81.00 -0.124266
14 82.00 -0.12639
14 83.00 -0.120501
14 84.00 -0.107759
14 85.00 -0.090301
14 86.00 -0.0722543
14 87.00 -0.0570571
14 88.00 -0.0456821
14 89.00 -0.0391645
14 90.00 -0.0367597
14 91.00 -0.0383795
14 92.00 -0.0422535
14 93.00 -0.0494208
14 94.00 -0.0594378
14 95.00 -0.0725605
14 96.00 -0.0888697
14 97.00 -0.106667
14 98.00 -0.123063
14 99.00 -0.134203
14 100.00 -0.138783
14 101.00 -0.133591
14 102.00 -0.119329
14 103.00 -0.0986908
14 104.00 -0.0740741
14 105.00 -0.0494737
14 106.00 -0.0280172
14 107.00 -0.0132304
14 108.00 -0.00788288
14 109.00 -0.0114548
14 110.00 -0.0243619
14 111.00 -0.0431739
14 112.00 -0.0663562
14 113.00 -0.0886076
14 114.00 -0.107103
14 115.00 -0.119387
14 116.00 -0.122751
14 117.00 -0.118126
14 118.00 -0.104594
14 119.00 -0.0863039
14 120.00 -0.0657658
14 121.00 -0.0441941
14 122.00 -0.0266667
14 123.00 -0.0144231
14 124.00 -0.00845503
14 125.00 -0.00808229
14 126.00 -0.00981079
14 127.00 -0.012
14 128.00 -0.0120482
14 129.00 -0.00846433
14 130.00 -0.00231214
14 131.00 0.00554631
14 132.00 0.0138741
14 133.00 0.0205656
14 134.00 0.02526
14 135.00 0.0271687
14 136.00 0.0279304
14 137.00 0.0272527
14 138.00 0.0266047
14 139.00 0.0264228
14 140.00 0.0266981
14 141.00 0.0285497
14 142.00 0.0318755
14 143.00 0.0369699
14 144.00 0.0437878
14 145.00 0.0523358
14 146.00 0.0626741
14 147.00 0.0742025
14 148.00 0.0866251
14 149.00 0.0989927
14 150.00 0.110181
14 151.00 0.11944
14 152.00 0.125483
14 153.00 0.127862
14 154.00 0.126453
14 155.00 0.120169
14 156.00 0.109441
14 157.00 0.0944772
14 158.00 0.0765253
14 159.00 0.0564103
14 160.00 0.0352901
14 161.00 0.0141653
14 162.00 -0.00537454
14 163.00 -0.0227958
14 164.00 -0.0371984
14 165.00 -0.0490097
14 166.00 -0.0572198
14 167.00 -0.0624578
14 168.00 -0.0646143
14 169.00 -0.0638514
14 170.00 -0.0592965
14 171.00 -0.0518883
14 172.00 -0.0411392
14 173.00 -0.02928
14 174.00 -0.0179657
14 175.00 -0.00880946
14 176.00 -0.00319125
14 177.00 -0.000623182
14 178.00 0.000192678
14 179.00 0.00018352
14 180.00 0
15 0.00 0
15 1.00 -9.74263e-05
15 2.00 -0.000383476
15 3.00 -0.000830095
15 4.00 -0.00137896
15 5.00 -0.00191103
15 6.00 -0.00220686
15 7.00 -0.00191512
15 8.00 -0.000559397
15 9.00 0.002325
15 10.00 0.0069548
15 11.00 0.0131694
15 12.00 0.0205425
15 13.00 0.0285708
15 14.00 0.0366833
15 15.00 0.0441391
15 16.00 0.0502052
15 17.00 0.0544363
15 18.00 0.0568155
15 19.00 0.0577194
15 20.00 0.0575061
15 21.00 0.0562305
15 22.00 0.0538082
15 23.00 0.0501576
15 24.00 0.0455652
15 25.00 0.0406301
15 26.00 0.0360471
15 27.00 0.0324168
15 28.00 0.0296378
15 29.00 0.0272951
15 30.00 0.0245295
15 31.00 0.0209727
15 32.00 0.0167264
15 33.00 0.012931
15 34.00 0.0116205
15 35.00 0.0142156
15 36.00 0.0209424
15 37.00 0.0296309
15 38.00 0.0375487
15 39.00 0.0418345
15 40.00 0.0407623
15 41.00 0.0337162
15 42.00 0.0212619
15 43.00 0.00554076
15 44.00 -0.0105601
15 45.00 -0.023652
15 46.00 -0.0317583
15 47.00 -0.03546
15 48.00 -0.036626
15 49.00 -0.0380707
15 50.00 -0.0408768
15 51.00 -0.0452726
15 52.00 -0.0499759
15 53.00 -0.0532147
15 54.00 -0.0537653
15 55.00 -0.051184
15 56.00 -0.0462613
15 57.00 -0.0406409
15 58.00 -0.0359887
15 59.00 -0.0337739
15 60.00 -0.034988
15 61.00 -0.04011
15 62.00 -0.0490457
15 63.00 -0.0613497
15 64.00 -0.0747158
15 65.00 -0.0869068
15 66.00 -0.0957096
15 67.00 -0.0990316
15 68.00 -0.0972222
15 69.00 -0.0930851
15 70.00 -0.0885167
15 71.00 -0.0859155
15 72.00 -0.08664
15 73.00 -0.088402
15 74.00 -0.0899804
15 75.00 -0.0883797
15 76.00 -0.0817369
15 77.00 -0.0703851
15 78.00 -0.0566038
15 79.00 -0.0421658
15 80.00 -0.0314528
15 81.00 -0.0255474
15 82.00 -0.0261723
15 83.00 -0.0342075
15 84.00 -0.0483005
15 85.00 -0.0678705
15 86.00 -0.0902012
15 87.00 -0.112686
15 88.00 -0.130678
15 89.00 -0.141516
15 90.00 -0.142219
15 91.00 -0.133436
15 92.00 -0.116114
15 93.00 -0.0936482
15 94.00 -0.0706476
15 95.00 -0.0496084
15 96.00 -0.03156
15 97.00 -0.0187091
15 98.00 -0.00970874
15 99.00 -0.00503525
15 100.00 -0.00417101
15 101.00 -0.00861141
15 102.00 -0.0176796
15 103.00 -0.030474
15 104.00 -0.0423826
15 105.00 -0.0533024
15 106.00 -0.059719
15 107.00 -0.059312
15 108.00 -0.0529483
15 109.00 -0.0428397
15 110.00 -0.032419
15 111.00 -0.0252845
15 112.00 -0.0242347
15 113.00 -0.0292994
15 114.00 -0.0377358
15 115.00 -0.0480296
15 116.00 -0.0549582
15 117.00 -0.0575374
15 118.00 -0.0563536
15 119.00 -0.0518519
15 120.00 -0.0465116
15 121.00 -0.0425532
15 122.00 -0.0406279
15 123.00 -0.0387665
15 124.00 -0.0369128
15 125.00 -0.0326954
15 126.00 -0.0249433
15 127.00 -0.0135811
15 128.00 0.000674764
15 129.00 0.0159236
15 130.00 0.0300661
15 131.00 0.0438497
15 132.00 0.0552247
15 133.00 0.0646663
15 134.00 0.0715706
15 135.00 0.0757794
15 136.00 0.0780669
15 137.00 0.0785553
15 138.00 0.0776997
15 139.00 0.0773174
15 140.00 0.077371
15 141.00 0.0782961
15 142.00 0.0800634
15 143.00 0.0819417
15 144.00 0.0836197
15 145.00 0.0848096
15 146.00 0.0859171
15 147.00 0.0876997
15 148.00 0.0902004
15 149.00 0.0942272
15 150.00 0.0997375
15 151.00 0.106737
15 152.00 0.113662
15 153.00 0.119149
15 154.00 0.122513
15 155.00 0.122057
15 156.00 0.117184
15 157.00 0.10797
15 158.00 0.095387
15 159.00 0.0803883
15 160.00 0.0640432
15 161.00 0.0471988
15 162.00 0.0317643
15 163.00 0.0176178
15 164.00 0.00576923
15 165.00 -0.00387597
15 166.00 -0.0113503
15 167.00 -0.0170095
15 168.00 -0.0211746
15 169.00 -0.0237138
15 170.00 -0.0252809
15 171.00 -0.0249209
15 172.00 -0.0218224
15 173.00 -0.0166546
15 174.00 -0.0100267
15 175.00 -0.00453721
15 176.00 -0.000542594
15 177.00 0.000978234
15 178.00 0.000898271
15 179.00 0.00021245
15 180.00 0
