2 0.00 0
2 1.00 5.36322e-05
2 2.00 0.000228381
2 3.00 0.000525635
2 4.00 0.000920673
2 5.00 0.00144357
2 6.00 0.00207113
2 7.00 0.00282177
2 8.00 0.00368736
2 9.00 0.00466016
2 10.00 0.00574713
2 11.00 0.00694153
2 12.00 0.00823663
2 13.00 0.00965591
2 14.00 0.0111637
2 15.00 0.0127995
2 16.00 0.0145267
2 17.00 0.0163548
2 18.00 0.018277
2 19.00 0.0203029
2 20.00 0.0224082
2 21.00 0.0246184
2 22.00 0.0269075
2 23.00 0.0293017
2 24.00 0.0317525
2 25.00 0.034305
2 26.00 0.0369255
2 27.00 0.0395974
2 28.00 0.0423443
2 29.00 0.0451709
2 30.00 0.0480334
2 31.00 0.0509526
2 32.00 0.0539013
2 33.00 0.0569041
2 34.00 0.0599274
2 35.00 0.0629912
2 36.00 0.0660616
2 37.00 0.0691545
2 38.00 0.0722257
2 39.00 0.0753255
2 40.00 0.0784073
2 41.00 0.0814876
2 42.00 0.0845126
2 43.00 0.0875317
2 44.00 0.090488
2 45.00 0.0933927
2 46.00 0.0962727
2 47.00 0.0990552
2 48.00 0.101807
2 49.00 0.104505
2 50.00 0.107064
2 51.00 0.109576
2 52.00 0.112077
2 53.00 0.114415
2 54.00 0.116695
2 55.00 0.118897
2 56.00 0.121069
2 57.00 0.123206
2 58.00 0.125204
2 59.00 0.127221
2 60.00 0.129165
2 61.00 0.131127
2 62.00 0.133087
2 63.00 0.135075
2 64.00 0.137073
2 65.00 0.139099
2 66.00 0.141273
2 67.00 0.143515
2 68.00 0.145984
2 69.00 0.148535
2 70.00 0.151369
2 71.00 0.15418
2 72.00 0.157301
2 73.00 0.160837
2 74.00 0.164384
2 75.00 0.168393
2 76.00 0.172496
2 77.00 0.176933
2 78.00 0.181669
2 79.00 0.186589
2 80.00 0.191929
2 81.00 0.197176
2 82.00 0.202926
2 83.00 0.208579
2 84.00 0.21472
2 85.00 0.220892
2 86.00 0.226922
2 87.00 0.232973
2 88.00 0.239187
2 89.00 0.245029
2 90.00 0.251213
2 91.00 0.256848
2 92.00 0.262505
2 93.00 0.26759
2 94.00 0.272623
2 95.00 0.27708
2 96.00 0.281012
2 97.00 0.284776
2 98.00 0.28805
2 99.00 0.29024
2 100.00 0.292267
2 101.00 0.293541
2 102.00 0.294278
2 103.00 0.293845
2 104.00 0.293258
2 105.00 0.291887
2 106.00 0.289345
2 107.00 0.286425
2 108.00 0.282752
2 109.00 0.277921
2 110.00 0.272775
2 111.00 0.266631
2 112.00 0.25974
2 113.00 0.252614
2 114.00 0.244407
2 115.00 0.235361
2 116.00 0.225434
2 117.00 0.215041
2 118.00 0.204179
2 119.00 0.192961
2 120.00 0.180641
2 121.00 0.16792
2 122.00 0.154679
2 123.00 0.141656
2 124.00 0.127464
2 125.00 0.112742
2 126.00 0.0982385
2 127.00 0.0839065
2 128.00 0.068388
2 129.00 0.0537863
2 130.00 0.0387374
2 131.00 0.024
2 132.00 0.00883652
2 133.00 -0.00521999
2 134.00 -0.0196078
2 135.00 -0.0335366
2 136.00 -0.0461538
2 137.00 -0.0590062
2 138.00 -0.0704225
2 139.00 -0.0811663
2 140.00 -0.0911252
2 141.00 -0.100318
2 142.00 -0.108626
2 143.00 -0.115292
2 144.00 -0.121091
2 145.00 -0.125902
2 146.00 -0.128903
2 147.00 -0.131894
2 148.00 -0.132962
2 149.00 -0.133228
2 150.00 -0.132492
2 151.00 -0.130878
2 152.00 -0.128305
2 153.00 -0.125
2 154.00 -0.120795
2 155.00 -0.115909
2 156.00 -0.111028
2 157.00 -0.104677
2 158.00 -0.0991189
2 159.00 -0.0922295
2 160.00 -0.086145
2 161.00 -0.079489
2 162.00 -0.0722807
2 163.00 -0.0659264
2 164.00 -0.0590254
2 165.00 -0.0529891
2 166.00 -0.046371
2 167.00 -0.0405855
2 168.00 -0.0349374
2 169.00 -0.0293926
2 170.00 -0.0246114
2 171.00 -0.0199229
2 172.00 -0.0159541
2 173.00 -0.0120482
2 174.00 -0.00883281
2 175.00 -0.00627746
2 176.00 -0.00437774
2 177.00 -0.00249377
2 178.00 -0.00124378
2 179.00 0
2 180.00 0
3 0.00 0
3 1.00 7.77279e-06
3 2.00 2.34132e-05
3 3.00 4.71439e-05
3 4.00 7.93198e-05
3 5.00 0.000120434
3 6.00 0.000162977
3 7.00 0.000207317
3 8.00 0.000245384
3 9.00 0.000285672
3 10.00 0.000310785
3 11.00 0.000328752
3 12.00 0.000320136
3 13.00 0.00028226
3 14.00 0.000221904
3 15.00 0.000115267
3 16.00 -2.18255e-05
3 17.00 -0.000227837
3 18.00 -0.000488712
3 19.00 -0.000812541
3 20.00 -0.00120876
3 21.00 -0.00168835
3 22.00 -0.00226396
3 23.00 -0.00291937
3 24.00 -0.00368213
3 25.00 -0.00455059
3 26.00 -0.00553914
3 27.00 -0.00662447
3 28.00 -0.00779547
3 29.00 -0.00910331
3 30.00 -0.0104672
3 31.00 -0.0119595
3 32.00 -0.013481
3 33.00 -0.0150766
3 34.00 -0.0167095
3 35.00 -0.0182984
3 36.00 -0.0199187
3 37.00 -0.0214387
3 38.00 -0.0228574
3 39.00 -0.0241765
3 40.00 -0.0253117
3 41.00 -0.0262127
3 42.00 -0.0269286
3 43.00 -0.0273059
3 44.00 -0.0274612
3 45.00 -0.0272306
3 46.00 -0.0267613
3 47.00 -0.0259543
3 48.00 -0.0247706
3 49.00 -0.0234154
3 50.00 -0.0217169
3 51.00 -0.0198277
3 52.00 -0.0177492
3 53.00 -0.0155831
3 54.00 -0.0132402
3 55.00 -0.0109421
3 56.00 -0.0087226
3 57.00 -0.00649663
3 58.00 -0.00441195
3 59.00 -0.00264026
3 60.00 -0.00110589
3 61.00 0.000289394
3 62.00 0.00121157
3 63.00 0.00174326
3 64.00 0.00198972
3 65.00 0.00173491
3 66.00 0.000907276
3 67.00 -0.000189789
3 68.00 -0.00178642
3 69.00 -0.00394273
3 70.00 -0.00650759
3 71.00 -0.00929494
3 72.00 -0.0125503
3 73.00 -0.0163205
3 74.00 -0.020129
3 75.00 -0.0242261
3 76.00 -0.0286195
3 77.00 -0.0330216
3 78.00 -0.0374088
3 79.00 -0.042062
3 80.00 -0.0463206
3 81.00 -0.0504603
3 82.00 -0.0544362
3 83.00 -0.0581991
3 84.00 -0.0613172
3 85.00 -0.0645287
3 86.00 -0.0669895
3 87.00 -0.0690229
3 88.00 -0.0706336
3 89.00 -0.0721831
3 90.00 -0.0727848
3 91.00 -0.0732499
3 92.00 -0.0736692
3 93.00 -0.0734793
3 94.00 -0.0731707
3 95.00 -0.0727365
3 96.00 -0.0722078
3 97.00 -0.0715801
3 98.00 -0.0708491
3 99.00 -0.0700496
3 100.00 -0.0697021
3 101.00 -0.0692616
3 102.00 -0.0693878
3 103.00 -0.0694362
3 104.00 -0.0700483
3 105.00 -0.0706388
3 106.00 -0.0712055
3 107.00 -0.0730159
3 108.00 -0.0741935
3 109.00 -0.0759659
3 110.00 -0.0777409
3 111.00 -0.0795148
3 112.00 -0.0812287
3 113.00 -0.0835635
3 114.00 -0.0851361
3 115.00 -0.0873239
3 116.00 -0.0887154
3 117.00 -0.09
3 118.00 -0.091888
3 119.00 -0.0929395
3 120.00 -0.0937951
3 121.00 -0.0945848
3 122.00 -0.0951694
3 123.00 -0.0956835
3 124.00 -0.0960573
3 125.00 -0.0963597
3 126.00 -0.0972321
3 127.00 -0.0980946
3 128.00 -0.0995792
3 129.00 -0.101742
3 130.00 -0.104571
3 131.00 -0.108127
3 132.00 -0.112406
3 133.00 -0.117406
3 134.00 -0.123129
3 135.00 -0.130435
3 136.00 -0.138493
3 137.00 -0.148199
3 138.00 -0.158828
3 139.00 -0.170548
3 140.00 -0.183448
3 141.00 -0.197359
3 142.00 -0.212781
3 143.00 -0.229403
3 144.00 -0.246043
3 145.00 -0.264234
3 146.00 -0.282431
3 147.00 -0.301432
3 148.00 -0.320307
3 149.00 -0.338534
3 150.00 -0.355274
3 151.00 -0.371475
3 152.00 -0.385434
3 153.00 -0.397181
3 154.00 -0.4057
3 155.00 -0.410321
3 156.00 -0.411915
3 157.00 -0.408703
3 158.00 -0.401535
3 159.00 -0.390824
3 160.00 -0.375211
3 161.00 -0.35613
3 162.00 -0.333882
3 163.00 -0.30962
3 164.00 -0.283109
3 165.00 -0.255435
3 166.00 -0.227618
3 167.00 -0.200148
3 168.00 -0.172938
3 169.00 -0.146893
3 170.00 -0.122843
3 171.00 -0.099865
3 172.00 -0.0792602
3 173.00 -0.0608808
3 174.00 -0.0451941
3 175.00 -0.031348
3 176.00 -0.0198142
3 177.00 -0.0110294
3 178.00 -0.00486618
3 179.00 -0.00121139
3 180.00 0
4 0.00 0
4 1.00 -2.87844e-05
4 2.00 -0.000121716
4 3.00 -0.000269635
4 4.00 -0.000488275
4 5.00 -0.000771642
4 6.00 -0.00112709
4 7.00 -0.00155753
4 8.00 -0.00207385
4 9.00 -0.00267547
4 10.00 -0.00336927
4 11.00 -0.00416332
4 12.00 -0.00507454
4 13.00 -0.00609766
4 14.00 -0.00723326
4 15.00 -0.00849845
4 16.00 -0.00989204
4 17.00 -0.0114197
4 18.00 -0.0130619
4 19.00 -0.0148256
4 20.00 -0.0166898
4 21.00 -0.0186502
4 22.00 -0.0206839
4 23.00 -0.022773
4 24.00 -0.024859
4 25.00 -0.0269397
4 26.00 -0.0289561
4 27.00 -0.0309003
4 28.00 -0.0327246
4 29.00 -0.0343983
4 30.00 -0.0358962
4 31.00 -0.0372521
4 32.00 -0.0384326
4 33.00 -0.0394331
4 34.00 -0.040333
4 35.00 -0.041161
4 36.00 -0.0419583
4 37.00 -0.0427361
4 38.00 -0.043645
4 39.00 -0.0447212
4 40.00 -0.0459593
4 41.00 -0.0475048
4 42.00 -0.0494184
4 43.00 -0.0517072
4 44.00 -0.0543677
4 45.00 -0.0575246
4 46.00 -0.061181
4 47.00 -0.0653227
4 48.00 -0.0698447
4 49.00 -0.0748588
4 50.00 -0.0803228
4 51.00 -0.086059
4 52.00 -0.0920551
4 53.00 -0.0982002
4 54.00 -0.104428
4 55.00 -0.110689
4 56.00 -0.116678
4 57.00 -0.122698
4 58.00 -0.128255
4 59.00 -0.133407
4 60.00 -0.138367
4 61.00 -0.142732
4 62.00 -0.14661
4 63.00 -0.150125
4 64.00 -0.15324
4 65.00 -0.155926
4 66.00 -0.158313
4 67.00 -0.160443
4 68.00 -0.162539
4 69.00 -0.16437
4 70.00 -0.166493
4 71.00 -0.168341
4 72.00 -0.170195
4 73.00 -0.172434
4 74.00 -0.174787
4 75.00 -0.177195
4 76.00 -0.179437
4 77.00 -0.182096
4 78.00 -0.184626
4 79.00 -0.187228
4 80.00 -0.189655
4 81.00 -0.192114
4 82.00 -0.194422
4 83.00 -0.195982
4 84.00 -0.197723
4 85.00 -0.198615
4 86.00 -0.199201
4 87.00 -0.199455
4 88.00 -0.198885
4 89.00 -0.197818
4 90.00 -0.196515
4 91.00 -0.19428
4 92.00 -0.191767
4 93.00 -0.189286
4 94.00 -0.186107
4 95.00 -0.182536
4 96.00 -0.179296
4 97.00 -0.175771
4 98.00 -0.172508
4 99.00 -0.169069
4 100.00 -0.166012
4 101.00 -0.162791
4 102.00 -0.160458
4 103.00 -0.158078
4 104.00 -0.155958
4 105.00 -0.15439
4 106.00 -0.153207
4 107.00 -0.152421
4 108.00 -0.152135
4 109.00 -0.151662
4 110.00 -0.151699
4 111.00 -0.15146
4 112.00 -0.151829
4 113.00 -0.151922
4 114.00 -0.151922
4 115.00 -0.151829
4 116.00 -0.152346
4 117.00 -0.152068
4 118.00 -0.152398
4 119.00 -0.152121
4 120.00 -0.151845
4 121.00 -0.15157
4 122.00 -0.151387
4 123.00 -0.151205
4 124.00 -0.151023
4 125.00 -0.151533
4 126.00 -0.151351
4 127.00 -0.15177
4 128.00 -0.152187
4 129.00 -0.153019
4 130.00 -0.153754
4 131.00 -0.154211
4 132.00 -0.15566
4 133.00 -0.156817
4 134.00 -0.158169
4 135.00 -0.159312
4 136.00 -0.161108
4 137.00 -0.163231
4 138.00 -0.164932
4 139.00 -0.167565
4 140.00 -0.170461
4 141.00 -0.173777
4 142.00 -0.178005
4 143.00 -0.182872
4 144.00 -0.18837
4 145.00 -0.194595
4 146.00 -0.202143
4 147.00 -0.210858
4 148.00 -0.220716
4 149.00 -0.231441
4 150.00 -0.243652
4 151.00 -0.256537
4 152.00 -0.271407
4 153.00 -0.286588
4 154.00 -0.302604
4 155.00 -0.319104
4 156.00 -0.335159
4 157.00 -0.349831
4 158.00 -0.363164
4 159.00 -0.373594
4 160.00 -0.379686
4 161.00 -0.381304
4 162.00 -0.376631
4 163.00 -0.366188
4 164.00 -0.349285
4 165.00 -0.325967
4 166.00 -0.298615
4 167.00 -0.267292
4 168.00 -0.233825
4 169.00 -0.200219
4 170.00 -0.16728
4 171.00 -0.136364
4 172.00 -0.107715
4 173.00 -0.0821662
4 174.00 -0.0603604
4 175.00 -0.0414666
4 176.00 -0.0263381
4 177.00 -0.0149688
4 178.00 -0.00654664
4 179.00 -0.0016214
4 180.00 0
5 0.00 0
5 1.00 -6.94113e-05
5 2.00 -0.000280429
5 3.00 -0.000632009
5 4.00 -0.00113309
5 5.00 -0.00177815
5 6.00 -0.00258022
5 7.00 -0.00353535
5 8.00 -0.0046514
5 9.00 -0.00593152
5 10.00 -0.00738383
5 11.00 -0.00899455
5 12.00 -0.0107622
5 13.00 -0.0126857
5 14.00 -0.0147388
5 15.00 -0.0168968
5 16.00 -0.0191383
5 17.00 -0.0214177
5 18.00 -0.0237048
5 19.00 -0.0259465
5 20.00 -0.0280883
5 21.00 -0.0300814
5 22.00 -0.0319073
5 23.00 -0.0335407
5 24.00 -0.0349666
5 25.00 -0.0362266
5 26.00 -0.0373254
5 27.00 -0.0383318
5 28.00 -0.0393165
5 29.00 -0.0403781
5 30.00 -0.0416101
5 31.00 -0.0430975
5 32.00 -0.0449393
5 33.00 -0.0472139
5 34.00 -0.0500097
5 35.00 -0.0533775
5 36.00 -0.0573265
5 37.00 -0.0619398
5 38.00 -0.0671063
5 39.00 -0.0728269
5 40.00 -0.0790846
5 41.00 -0.0857867
5 42.00 -0.0927502
5 43.00 -0.0999297
5 44.00 -0.107223
5 45.00 -0.114492
5 46.00 -0.121669
5 47.00 -0.128508
5 48.00 -0.135194
5 49.00 -0.141471
5 50.00 -0.147479
5 51.00 -0.153237
5 52.00 -0.158502
5 53.00 -0.163645
5 54.00 -0.168542
5 55.00 -0.173122
5 56.00 -0.177597
5 57.00 -0.181777
5 58.00 -0.185916
5 59.00 -0.189858
5 60.00 -0.193497
5 61.00 -0.196779
5 62.00 -0.19969
5 63.00 -0.202145
5 64.00 -0.204095
5 65.00 -0.20554
5 66.00 -0.206447
5 67.00 -0.206553
5 68.00 -0.206107
5 69.00 -0.205102
5 70.00 -0.203855
5 71.00 -0.201802
5 72.00 -0.199774
5 73.00 -0.197319
5 74.00 -0.195005
5 75.00 -0.192547
5 76.00 -0.190324
5 77.00 -0.188698
5 78.00 -0.187117
5 79.00 -0.186226
5 80.00 -0.185373
5 81.00 -0.185309
5 82.00 -0.185342
5 83.00 -0.185478
5 84.00 -0.186207
5 85.00 -0.186589
5 86.00 -0.186752
5 87.00 -0.186953
5 88.00 -0.186463
5 89.00 -0.185151
5 90.00 -0.183521
5 91.00 -0.181471
5 92.00 -0.178589
5 93.00 -0.175421
5 94.00 -0.171788
5 95.00 -0.168373
5 96.00 -0.164156
5 97.00 -0.160695
5 98.00 -0.157417
5 99.00 -0.154511
5 100.00 -0.152459
5 101.00 -0.150662
5 102.00 -0.149861
5 103.00 -0.149438
5 104.00 -0.149972
5 105.00 -0.150342
5 106.00 -0.151775
5 107.00 -0.153537
5 108.00 -0.155222
5 109.00 -0.156738
5 110.00 -0.158657
5 111.00 -0.159907
5 112.00 -0.160973
5 113.00 -0.161458
5 114.00 -0.162334
5 115.00 -0.162536
5 116.00 -0.16255
5 117.00 -0.161899
5 118.00 -0.161731
5 119.00 -0.161382
5 120.00 -0.160855
5 121.00 -0.160714
5 122.00 -0.160398
5 123.00 -0.159825
5 124.00 -0.159632
5 125.00 -0.158654
5 126.00 -0.158061
5 127.00 -0.157403
5 128.00 -0.156682
5 129.00 -0.155825
5 130.00 -0.154573
5 131.00 -0.153431
5 132.00 -0.152395
5 133.00 -0.15153
5 134.00 -0.150284
5 135.00 -0.149673
5 136.00 -0.149676
5 137.00 -0.149679
5 138.00 -0.15066
5 139.00 -0.151939
5 140.00 -0.15388
5 141.00 -0.156457
5 142.00 -0.159861
5 143.00 -0.164103
5 144.00 -0.168624
5 145.00 -0.174199
5 146.00 -0.179992
5 147.00 -0.186421
5 148.00 -0.193177
5 149.00 -0.20045
5 150.00 -0.20815
5 151.00 -0.21645
5 152.00 -0.225427
5 153.00 -0.235253
5 154.00 -0.24533
5 155.00 -0.256637
5 156.00 -0.268528
5 157.00 -0.280977
5 158.00 -0.293876
5 159.00 -0.306656
5 160.00 -0.318869
5 161.00 -0.32948
5 162.00 -0.336901
5 163.00 -0.339973
5 164.00 -0.336818
5 165.00 -0.326549
5 166.00 -0.308407
5 167.00 -0.282889
5 168.00 -0.251346
5 169.00 -0.216508
5 170.00 -0.180247
5 171.00 -0.145412
5 172.00 -0.113021
5 173.00 -0.0849673
5 174.00 -0.0609796
5 175.00 -0.0415129
5 176.00 -0.0258368
5 177.00 -0.0144231
5 178.00 -0.00632737
5 179.00 -0.00162338
5 180.00 0
6 0.00 0
6 1.00 -6.03025e-05
6 2.00 -0.00024097
6 3.00 -0.000537288
6 4.00 -0.000949884
6 5.00 -0.0014762
6 6.00 -0.00210385
6 7.00 -0.00283198
6 8.00 -0.00365367
6 9.00 -0.00455693
6 10.00 -0.00552641
6 11.00 -0.00655892
6 12.00 -0.00764342
6 13.00 -0.00877199
6 14.00 -0.00995199
6 15.00 -0.0111722
6 16.00 -0.012473
6 17.00 -0.0138799
6 18.00 -0.0154415
6 19.00 -0.0172269
6 20.00 -0.0192873
6 21.00 -0.0217214
6 22.00 -0.024569
6 23.00 -0.0279104
6 24.00 -0.0317333
6 25.00 -0.0360513
6 26.00 -0.0408142
6 27.00 -0.0458862
6 28.00 -0.0511369
6 29.00 -0.0564215
6 30.00 -0.0615173
6 31.00 -0.0662254
6 32.00 -0.0703518
6 33.00 -0.0738422
6 34.00 -0.076592
6 35.00 -0.0786427
6 36.00 -0.0800892
6 37.00 -0.0811467
6 38.00 -0.0821459
6 39.00 -0.0833915
6 40.00 -0.0851765
6 41.00 -0.0878604
6 42.00 -0.0917729
6 43.00 -0.0971401
6 44.00 -0.104105
6 45.00 -0.112566
6 46.00 -0.1226
6 47.00 -0.133783
6 48.00 -0.145733
6 49.00 -0.157847
6 50.00 -0.169616
6 51.00 -0.18042
6 52.00 -0.189338
6 53.00 -0.196095
6 54.00 -0.200201
6 55.00 -0.201376
6 56.00 -0.199471
6 57.00 -0.194906
6 58.00 -0.187917
6 59.00 -0.179058
6 60.00 -0.168685
6 61.00 -0.157721
6 62.00 -0.146568
6 63.00 -0.135706
6 64.00 -0.126059
6 65.00 -0.117329
6 66.00 -0.110539
6 67.00 -0.10545
6 68.00 -0.102013
6 69.00 -0.100614
6 70.00 -0.10105
6 71.00 -0.102926
6 72.00 -0.106155
6 73.00 -0.110631
6 74.00 -0.115889
6 75.00 -0.121747
6 76.00 -0.128182
6 77.00 -0.134615
6 78.00 -0.14171
6 79.00 -0.148419
6 80.00 -0.155065
6 81.00 -0.161912
6 82.00 -0.168572
6 83.00 -0.174543
6 84.00 -0.180495
6 85.00 -0.186461
6 86.00 -0.191489
6 87.00 -0.196398
6 88.00 -0.200264
6 89.00 -0.203879
6 90.00 -0.206371
6 91.00 -0.208687
6 92.00 -0.20974
6 93.00 -0.21063
6 94.00 -0.210738
6 95.00 -0.210526
6 96.00 -0.210718
6 97.00 -0.210693
6 98.00 -0.210866
6 99.00 -0.211475
6 100.00 -0.212978
6 101.00 -0.214727
6 102.00 -0.21754
6 103.00 -0.221198
6 104.00 -0.22468
6 105.00 -0.229008
6 106.00 -0.233136
6 107.00 -0.237641
6 108.00 -0.241173
6 109.00 -0.244444
6 110.00 -0.246542
6 111.00 -0.247745
6 112.00 -0.247899
6 113.00 -0.24746
6 114.00 -0.245541
6 115.00 -0.243068
6 116.00 -0.239041
6 117.00 -0.234682
6 118.00 -0.230023
6 119.00 -0.224099
6 120.00 -0.21797
6 121.00 -0.211475
6 122.00 -0.204411
6 123.00 -0.197459
6 124.00 -0.189682
6 125.00 -0.182145
6 126.00 -0.174836
6 127.00 -0.167164
6 128.00 -0.160627
6 129.00 -0.154217
6 130.00 -0.148271
6 131.00 -0.143322
6 132.00 -0.139662
6 133.00 -0.136343
6 134.00 -0.134237
6 135.00 -0.132422
6 136.00 -0.131414
6 137.00 -0.130807
6 138.00 -0.130573
6 139.00 -0.130452
6 140.00 -0.130485
6 141.00 -0.130288
6 142.00 -0.130291
6 143.00 -0.130167
6 144.00 -0.130497
6 145.00 -0.131217
6 146.00 -0.132614
6 147.00 -0.134477
6 148.00 -0.137361
6 149.00 -0.141153
6 150.00 -0.145685
6 151.00 -0.151284
6 152.00 -0.157895
6 153.00 -0.164702
6 154.00 -0.172577
6 155.00 -0.18058
6 156.00 -0.188911
6 157.00 -0.19773
6 158.00 -0.206985
6 159.00 -0.21617
6 160.00 -0.225665
6 161.00 -0.234958
6 162.00 -0.243834
6 163.00 -0.250978
6 164.00 -0.255203
6 165.00 -0.255524
6 166.00 -0.249631
6 167.00 -0.236515
6 168.00 -0.215716
6 169.00 -0.18847
6 170.00 -0.157299
6 171.00 -0.125621
6 172.00 -0.0959828
6 173.00 -0.0701804
6 174.00 -0.048951
6 175.00 -0.0323044
6 176.00 -0.0196472
6 177.00 -0.0105485
6 178.00 -0.00465304
6 179.00 -0.0011832
6 180.00 0
7 0.00 0
7 1.00 -5.48705e-05
7 2.00 -0.000223735
7 3.00 -0.000497711
7 4.00 -0.000882514
7 5.00 -0.001366
7 6.00 -0.00194856
7 7.00 -0.00262307
7 8.00 -0.00337588
7 9.00 -0.00420636
7 10.00 -0.00510424
7 11.00 -0.00605966
7 12.00 -0.0070713
7 13.00 -0.00812855
7 14.00 -0.00924858
7 15.00 -0.010448
7 16.00 -0.0117436
7 17.00 -0.0131648
7 18.00 -0.0147477
7 19.00 -0.0165358
7 20.00 -0.0185271
7 21.00 -0.0207751
7 22.00 -0.0232498
7 23.00 -0.0259072
7 24.00 -0.0287882
7 25.00 -0.0318111
7 26.00 -0.0350154
7 27.00 -0.0383858
7 28.00 -0.0419692
7 29.00 -0.045864
7 30.00 -0.0501429
7 31.00 -0.0548472
7 32.00 -0.0600631
7 33.00 -0.0657785
7 34.00 -0.0719733
7 35.00 -0.0785315
7 36.00 -0.0851831
7 37.00 -0.0917148
7 38.00 -0.0977326
7 39.00 -0.102918
7 40.00 -0.107016
7 41.00 -0.109676
7 42.00 -0.111063
7 43.00 -0.111061
7 44.00 -0.109952
7 45.00 -0.108182
7 46.00 -0.105978
7 47.00 -0.104013
7 48.00 -0.102472
7 49.00 -0.101806
7 50.00 -0.102129
7 51.00 -0.10331
7 52.00 -0.105329
7 53.00 -0.107855
7 54.00 -0.110256
7 55.00 -0.112353
7 56.00 -0.113377
7 57.00 -0.113239
7 58.00 -0.111369
7 59.00 -0.107948
7 60.00 -0.103192
7 61.00 -0.0975359
7 62.00 -0.0914569
7 63.00 -0.0860294
7 64.00 -0.0815508
7 65.00 -0.0793083
7 66.00 -0.0797762
7 67.00 -0.0835136
7 68.00 -0.0909502
7 69.00 -0.102036
7 70.00 -0.116729
7 71.00 -0.133817
7 72.00 -0.15297
7 73.00 -0.172472
7 74.00 -0.191263
7 75.00 -0.207489
7 76.00 -0.220771
7 77.00 -0.229881
7 78.00 -0.234412
7 79.00 -0.234282
7 80.00 -0.23038
7 81.00 -0.22342
7 82.00 -0.214204
7 83.00 -0.203842
7 84.00 -0.193808
7 85.00 -0.185155
7 86.00 -0.178511
7 87.00 -0.173894
7 88.00 -0.172521
7 89.00 -0.174111
7 90.00 -0.177954
7 91.00 -0.183732
7 92.00 -0.191573
7 93.00 -0.200602
7 94.00 -0.209851
7 95.00 -0.219192
7 96.00 -0.228174
7 97.00 -0.236612
7 98.00 -0.243875
7 99.00 -0.249717
7 100.00 -0.254315
7 101.00 -0.257293
7 102.00 -0.258865
7 103.00 -0.259104
7 104.00 -0.257831
7 105.00 -0.255461
7 106.00 -0.25122
7 107.00 -0.247246
7 108.00 -0.242796
7 109.00 -0.238037
7 110.00 -0.233925
7 111.00 -0.229548
7 112.00 -0.226748
7 113.00 -0.223565
7 114.00 -0.221356
7 115.00 -0.218787
7 116.00 -0.216598
7 117.00 -0.21362
7 118.00 -0.209891
7 119.00 -0.205448
7 120.00 -0.200336
7 121.00 -0.194598
7 122.00 -0.188178
7 123.00 -0.18114
7 124.00 -0.174686
7 125.00 -0.167692
7 126.00 -0.161307
7 127.00 -0.155927
7 128.00 -0.150626
7 129.00 -0.145951
7 130.00 -0.141409
7 131.00 -0.136999
7 132.00 -0.132833
7 133.00 -0.128837
7 134.00 -0.124524
7 135.00 -0.119917
7 136.00 -0.115353
7 137.00 -0.111244
7 138.00 -0.107836
7 139.00 -0.104766
7 140.00 -0.102725
7 141.00 -0.101683
7 142.00 -0.101949
7 143.00 -0.103215
7 144.00 -0.105437
7 145.00 -0.108717
7 146.00 -0.112685
7 147.00 -0.117774
7 148.00 -0.123325
7 149.00 -0.129886
7 150.00 -0.137039
7 151.00 -0.145251
7 152.00 -0.153936
7 153.00 -0.16323
7 154.00 -0.17286
7 155.00 -0.183048
7 156.00 -0.192973
7 157.00 -0.202542
7 158.00 -0.211593
7 159.00 -0.2198
7 160.00 -0.227493
7 161.00 -0.233939
7 162.00 -0.239221
7 163.00 -0.242739
7 164.00 -0.243788
7 165.00 -0.240714
7 166.00 -0.232852
7 167.00 -0.218057
7 168.00 -0.195972
7 169.00 -0.166773
7 170.00 -0.133995
7 171.00 -0.100877
7 172.00 -0.0712941
7 173.00 -0.0475262
7 174.00 -0.0300901
7 175.00 -0.0178749
7 176.00 -0.00998548
7 177.00 -0.00488956
7 178.00 -0.0019151
7 179.00 -0.000462963
7 180.00 0
8 0.00 0
8 1.00 -4.00283e-05
8 2.00 -0.000164292
8 3.00 -0.000383679
8 4.00 -0.00072122
8 5.00 -0.00120542
8 6.00 -0.00187352
8 7.00 -0.00277815
8 8.00 -0.00396695
8 9.00 -0.00550749
8 10.00 -0.00745449
8 11.00 -0.00986003
8 12.00 -0.0127471
8 13.00 -0.0161
8 14.00 -0.0198515
8 15.00 -0.0238754
8 16.00 -0.0279742
8 17.00 -0.0319549
8 18.00 -0.0356546
8 19.00 -0.038982
8 20.00 -0.0419467
8 21.00 -0.0446963
8 22.00 -0.047434
8 23.00 -0.0503146
8 24.00 -0.0535571
8 25.00 -0.0572849
8 26.00 -0.0614895
8 27.00 -0.0660629
8 28.00 -0.0707648
8 29.00 -0.0752652
8 30.00 -0.0791821
8 31.00 -0.0820504
8 32.00 -0.083654
8 33.00 -0.0837856
8 34.00 -0.0824298
8 35.00 -0.0798368
8 36.00 -0.0762019
8 37.00 -0.0721154
8 38.00 -0.0678335
8 39.00 -0.0638446
8 40.00 -0.0604925
8 41.00 -0.0578044
8 42.00 -0.0560257
8 43.00 -0.054993
8 44.00 -0.0545946
8 45.00 -0.0546047
8 46.00 -0.0546747
8 47.00 -0.0546953
8 48.00 -0.0544671
8 49.00 -0.0538592
8 50.00 -0.0530644
8 51.00 -0.0521956
8 52.00 -0.0517221
8 53.00 -0.0519576
8 54.00 -0.0533654
8 55.00 -0.0560982
8 56.00 -0.0605977
8 57.00 -0.0667914
8 58.00 -0.0745931
8 59.00 -0.083873
8 60.00 -0.0941176
8 61.00 -0.104677
8 62.00 -0.115469
8 63.00 -0.125645
8 64.00 -0.135016
8 65.00 -0.143157
8 66.00 -0.150427
8 67.00 -0.156657
8 68.00 -0.162149
8 69.00 -0.16679
8 70.00 -0.170982
8 71.00 -0.174409
8 72.00 -0.1771
8 73.00 -0.178622
8 74.00 -0.17876
8 75.00 -0.177181
8 76.00 -0.173724
8 77.00 -0.16838
8 78.00 -0.161687
8 79.00 -0.153899
8 80.00 -0.146211
8 81.00 -0.139381
8 82.00 -0.134277
8 83.00 -0.131297
8 84.00 -0.131579
8 85.00 -0.134836
8 86.00 -0.140536
8 87.00 -0.148282
8 88.00 -0.156453
8 89.00 -0.164051
8 90.00 -0.170068
8 91.00 -0.173525
8 92.00 -0.174242
8 93.00 -0.171208
8 94.00 -0.165882
8 95.00 -0.158679
8 96.00 -0.150596
8 97.00 -0.141992
8 98.00 -0.134712
8 99.00 -0.128758
8 100.00 -0.125287
8 101.00 -0.123328
8 102.00 -0.124118
8 103.00 -0.126485
8 104.00 -0.130695
8 105.00 -0.136034
8 106.00 -0.142683
8 107.00 -0.150677
8 108.00 -0.15995
8 109.00 -0.170518
8 110.00 -0.182275
8 111.00 -0.195322
8 112.00 -0.209391
8 113.00 -0.223634
8 114.00 -0.237944
8 115.00 -0.250948
8 116.00 -0.262233
8 117.00 -0.271429
8 118.00 -0.277574
8 119.00 -0.280289
8 120.00 -0.27929
8 121.00 -0.275362
8 122.00 -0.268141
8 123.00 -0.258029
8 124.00 -0.245946
8 125.00 -0.232595
8 126.00 -0.217705
8 127.00 -0.202309
8 128.00 -0.187071
8 129.00 -0.172315
8 130.00 -0.157674
8 131.00 -0.143957
8 132.00 -0.131162
8 133.00 -0.118803
8 134.00 -0.107424
8 135.00 -0.0965406
8 136.00 -0.0854467
8 137.00 -0.0749432
8 138.00 -0.064291
8 139.00 -0.0538901
8 140.00 -0.0440513
8 141.00 -0.0354132
8 142.00 -0.0278597
8 143.00 -0.0226115
8 144.00 -0.0194805
8 145.00 -0.0189076
8 146.00 -0.0206696
8 147.00 -0.0245902
8 148.00 -0.0299451
8 149.00 -0.0369478
8 150.00 -0.044741
8 151.00 -0.0531042
8 152.00 -0.0620742
8 153.00 -0.0718727
8 154.00 -0.0829448
8 155.00 -0.0953764
8 156.00 -0.109204
8 157.00 -0.124883
8 158.00 -0.142036
8 159.00 -0.159757
8 160.00 -0.177915
8 161.00 -0.195239
8 162.00 -0.211167
8 163.00 -0.224722
8 164.00 -0.235111
8 165.00 -0.241182
8 166.00 -0.241174
8 167.00 -0.233692
8 168.00 -0.216506
8 169.00 -0.189065
8 170.00 -0.152763
8 171.00 -0.112691
8 172.00 -0.0746047
8 173.00 -0.0441243
8 174.00 -0.0230024
8 175.00 -0.0104523
8 176.00 -0.00373074
8 177.00 -0.00089034
8 178.00 0
8 179.00 0
8 180.00 0
9 0.00 0
9 1.00 0
9 2.00 -3.26078e-06
9 3.00 -2.75651e-05
9 4.00 -0.000100458
9 5.00 -0.000264677
9 6.00 -0.000572772
9 7.00 -0.00108935
9 8.00 -0.0018949
9 9.00 -0.00307133
9 10.00 -0.00467993
9 11.00 -0.00676746
9 12.00 -0.00930166
9 13.00 -0.012196
9 14.00 -0.0152531
9 15.00 -0.0182396
9 16.00 -0.0209564
9 17.00 -0.0233083
9 18.00 -0.0253905
9 19.00 -0.0274176
9 20.00 -0.0297381
9 21.00 -0.0325897
9 22.00 -0.0360947
9 23.00 -0.0401165
9 24.00 -0.0441205
9 25.00 -0.0474356
9 26.00 -0.0491735
9 27.00 -0.048549
9 28.00 -0.0451491
9 29.00 -0.0389995
9 30.00 -0.0305664
9 31.00 -0.0206493
9 32.00 -0.0101422
9 33.00 0
9 34.00 0.00899937
9 35.00 0.0162423
9 36.00 0.0213413
9 37.00 0.0241323
9 38.00 0.0245074
9 39.00 0.022833
9 40.00 0.0193767
9 41.00 0.0146556
9 42.00 0.00885788
9 43.00 0.00251338
9 44.00 -0.00420239
9 45.00 -0.0113557
9 46.00 -0.0188404
9 47.00 -0.0269088
9 48.00 -0.0356467
9 49.00 -0.0451411
9 50.00 -0.0553603
9 51.00 -0.0663507
9 52.00 -0.0776345
9 53.00 -0.0888946
9 54.00 -0.0996902
9 55.00 -0.109413
9 56.00 -0.117778
9 57.00 -0.124611
9 58.00 -0.129862
9 59.00 -0.13356
9 60.00 -0.136098
9 61.00 -0.137715
9 62.00 -0.138878
9 63.00 -0.139776
9 64.00 -0.140486
9 65.00 -0.141009
9 66.00 -0.141353
9 67.00 -0.141593
9 68.00 -0.141404
9 69.00 -0.141345
9 70.00 -0.140834
9 71.00 -0.14036
9 72.00 -0.140176
9 73.00 -0.139899
9 74.00 -0.140135
9 75.00 -0.140306
9 76.00 -0.14064
9 77.00 -0.140566
9 78.00 -0.140746
9 79.00 -0.140891
9 80.00 -0.141422
9 81.00 -0.142912
9 82.00 -0.145041
9 83.00 -0.148372
9 84.00 -0.152165
9 85.00 -0.157004
9 86.00 -0.161669
9 87.00 -0.164879
9 88.00 -0.16636
9 89.00 -0.165641
9 90.00 -0.161385
9 91.00 -0.155354
9 92.00 -0.147745
9 93.00 -0.139423
9 94.00 -0.133187
9 95.00 -0.129598
9 96.00 -0.130081
9 97.00 -0.136147
9 98.00 -0.146238
9 99.00 -0.159358
9 100.00 -0.174812
9 101.00 -0.189601
9 102.00 -0.202434
9 103.00 -0.211886
9 104.00 -0.217165
9 105.00 -0.217789
9 106.00 -0.21499
9 107.00 -0.209103
9 108.00 -0.201453
9 109.00 -0.192867
9 110.00 -0.185112
9 111.00 -0.178244
9 112.00 -0.172302
9 113.00 -0.16731
9 114.00 -0.162746
9 115.00 -0.159348
9 116.00 -0.155748
9 117.00 -0.152161
9 118.00 -0.149102
9 119.00 -0.14614
9 120.00 -0.143852
9 121.00 -0.142613
9 122.00 -0.143098
9 123.00 -0.145063
9 124.00 -0.148509
9 125.00 -0.15266
9 126.00 -0.157374
9 127.00 -0.161735
9 128.00 -0.165005
9 129.00 -0.166342
9 130.00 -0.165403
9 131.00 -0.160978
9 132.00 -0.153812
9 133.00 -0.144038
9 134.00 -0.131646
9 135.00 -0.117599
9 136.00 -0.102959
9 137.00 -0.089075
9 138.00 -0.0759076
9 139.00 -0.0639124
9 140.00 -0.0540449
9 141.00 -0.046169
9 142.00 -0.0398104
9 143.00 -0.0348092
9 144.00 -0.0313424
9 145.00 -0.028973
9 146.00 -0.0281259
9 147.00 -0.0286641
9 148.00 -0.0307167
9 149.00 -0.0338595
9 150.00 -0.0382527
9 151.00 -0.0432911
9 152.00 -0.0491994
9 153.00 -0.0557185
9 154.00 -0.0626649
9 155.00 -0.0709677
9 156.00 -0.0808017
9 157.00 -0.093361
9 158.00 -0.108931
9 159.00 -0.127947
9 160.00 -0.150159
9 161.00 -0.174238
9 162.00 -0.198868
9 163.00 -0.222222
9 164.00 -0.242043
9 165.00 -0.256308
9 166.00 -0.262593
9 167.00 -0.258058
9 168.00 -0.240072
9 169.00 -0.207587
9 170.00 -0.161466
9 171.00 -0.108635
9 172.00 -0.059068
9 173.00 -0.0216442
9 174.00 0.000703482
9 175.00 0.0100402
9 176.00 0.0110641
9 177.00 0.0079941
9 178.00 0.00409044
9 179.00 0.00108178
9 180.00 0
10 0.00 0
10 1.00 -7.61936e-05
10 2.00 -0.000314977
10 3.00 -0.000741304
10 4.00 -0.00140037
10 5.00 -0.00234779
10 6.00 -0.0036575
10 7.00 -0.00539118
10 8.00 -0.00759686
10 9.00 -0.0102524
10 10.00 -0.0132235
10 11.00 -0.0161811
10 12.00 -0.0185989
10 13.00 -0.0197892
10 14.00 -0.019071
10 15.00 -0.0160478
10 16.00 -0.0108423
10 17.00 -0.0040126
10 18.00 0.00349895
10 19.00 0.0106611
10 20.00 0.0165361
10 21.00 0.0203801
10 22.00 0.0218312
10 23.00 0.0210855
10 24.00 0.0187357
10 25.00 0.0157643
10 26.00 0.013104
10 27.00 0.0113528
10 28.00 0.0109901
10 29.00 0.0121466
10 30.00 0.0146418
10 31.00 0.0183604
10 32.00 0.0228781
10 33.00 0.0278462
10 34.00 0.032642
10 35.00 0.0367216
10 36.00 0.0394896
10 37.00 0.0403405
10 38.00 0.0386362
10 39.00 0.0340117
10 40.00 0.0262153
10 41.00 0.0152877
10 42.00 0.00169246
10 43.00 -0.0138889
10 44.00 -0.0302814
10 45.00 -0.046076
10 46.00 -0.0599174
10 47.00 -0.0704923
10 48.00 -0.0769647
10 49.00 -0.0792269
10 50.00 -0.0775313
10 51.00 -0.0729936
10 52.00 -0.066872
10 53.00 -0.060894
10 54.00 -0.0565406
10 55.00 -0.0547945
10 56.00 -0.056486
10 57.00 -0.0616242
10 58.00 -0.0698333
10 59.00 -0.0801187
10 60.00 -0.0916072
10 61.00 -0.102643
10 62.00 -0.112603
10 63.00 -0.120628
10 64.00 -0.126256
10 65.00 -0.129377
10 66.00 -0.130281
10 67.00 -0.129553
10 68.00 -0.12781
10 69.00 -0.125293
10 70.00 -0.122953
10 71.00 -0.120542
10 72.00 -0.118552
10 73.00 -0.11699
10 74.00 -0.116004
10 75.00 -0.1153
10 76.00 -0.115197
10 77.00 -0.115385
10 78.00 -0.115465
10 79.00 -0.115832
10 80.00 -0.116051
10 81.00 -0.116152
10 82.00 -0.116883
10 83.00 -0.118044
10 84.00 -0.120018
10 85.00 -0.123918
10 86.00 -0.128849
10 87.00 -0.135961
10 88.00 -0.144172
10 89.00 -0.15291
10 90.00 -0.161572
10 91.00 -0.169188
10 92.00 -0.174685
10 93.00 -0.178322
10 94.00 -0.178487
10 95.00 -0.176435
10 96.00 -0.171308
10 97.00 -0.163804
10 98.00 -0.153894
10 99.00 -0.142222
10 100.00 -0.129053
10 101.00 -0.115615
10 102.00 -0.103542
10 103.00 -0.094208
10 104.00 -0.0891583
10 105.00 -0.0892598
10 106.00 -0.095518
10 107.00 -0.107169
10 108.00 -0.122781
10 109.00 -0.140648
10 110.00 -0.158626
10 111.00 -0.175109
10 112.00 -0.187545
10 113.00 -0.195898
10 114.00 -0.200279
10 115.00 -0.200964
10 116.00 -0.199052
10 117.00 -0.194684
10 118.00 -0.188312
10 119.00 -0.182048
10 120.00 -0.175966
10 121.00 -0.169139
10 122.00 -0.162751
10 123.00 -0.1567
10 124.00 -0.150428
10 125.00 -0.143672
10 126.00 -0.13602
10 127.00 -0.127639
10 128.00 -0.118465
10 129.00 -0.1084
10 130.00 -0.0969669
10 131.00 -0.0850585
10 132.00 -0.0726232
10 133.00 -0.0601375
10 134.00 -0.0481373
10 135.00 -0.0366599
10 136.00 -0.0269307
10 137.00 -0.0192382
10 138.00 -0.013468
10 139.00 -0.0105455
10 140.00 -0.00955076
10 141.00 -0.0103164
10 142.00 -0.012024
10 143.00 -0.0136099
10 144.00 -0.0144427
10 145.00 -0.0139733
10 146.00 -0.0123276
10 147.00 -0.00934844
10 148.00 -0.00710188
10 149.00 -0.00604945
10 150.00 -0.0083502
10 151.00 -0.0143482
10 152.00 -0.0247721
10 153.00 -0.0390923
10 154.00 -0.0558442
10 155.00 -0.0743144
10 156.00 -0.0927583
10 157.00 -0.110515
10 158.00 -0.127173
10 159.00 -0.142554
10 160.00 -0.15711
10 161.00 -0.171412
10 162.00 -0.185528
10 163.00 -0.199246
10 164.00 -0.211829
10 165.00 -0.221798
10 166.00 -0.226786
10 167.00 -0.224408
10 168.00 -0.211603
10 169.00 -0.185668
10 170.00 -0.146015
10 171.00 -0.0968318
10 172.00 -0.0472121
10 173.00 -0.00820633
10 174.00 0.0141379
10 175.00 0.0215472
10 176.00 0.0193985
10 177.00 0.013038
10 178.00 0.00631313
10 179.00 0.00168902
10 180.00 0
11 0.00 0
11 1.00 4.6022e-05
11 2.00 0.000184668
11 3.00 0.000421379
11 4.00 0.000764482
11 5.00 0.00122714
11 6.00 0.00182139
11 7.00 0.00256871
11 8.00 0.00347727
11 9.00 0.00455659
11 10.00 0.00579271
11 11.00 0.00714048
11 12.00 0.00853804
11 13.00 0.00992395
11 14.00 0.0112503
11 15.00 0.0125567
11 16.00 0.0139302
11 17.00 0.0155408
11 18.00 0.0175046
11 19.00 0.0199402
11 20.00 0.0228458
11 21.00 0.0261068
11 22.00 0.0295495
11 23.00 0.0328139
11 24.00 0.0357314
11 25.00 0.0379347
11 26.00 0.0393513
11 27.00 0.0398005
11 28.00 0.0393344
11 29.00 0.0380798
11 30.00 0.0362586
11 31.00 0.0341792
11 32.00 0.0321263
11 33.00 0.0303361
11 34.00 0.0289134
11 35.00 0.0277727
11 36.00 0.0267239
11 37.00 0.0255273
11 38.00 0.0237489
11 39.00 0.0208659
11 40.00 0.0165068
11 41.00 0.0103537
11 42.00 0.00235192
11 43.00 -0.00731195
11 44.00 -0.0179904
11 45.00 -0.0291029
11 46.00 -0.0397828
11 47.00 -0.0491553
11 48.00 -0.056694
11 49.00 -0.0622693
11 50.00 -0.0659848
11 51.00 -0.0683604
11 52.00 -0.0701102
11 53.00 -0.0720917
11 54.00 -0.0751604
11 55.00 -0.0798522
11 56.00 -0.0860994
11 57.00 -0.0935796
11 58.00 -0.101005
11 59.00 -0.107278
11 60.00 -0.110939
11 61.00 -0.111133
11 62.00 -0.107446
11 63.00 -0.100289
11 64.00 -0.0904661
11 65.00 -0.0793547
11 66.00 -0.0680794
11 67.00 -0.0581205
11 68.00 -0.0511628
11 69.00 -0.0479856
11 70.00 -0.0493528
11 71.00 -0.0556028
11 72.00 -0.0658915
11 73.00 -0.0788486
11 74.00 -0.093709
11 75.00 -0.108487
11 76.00 -0.122056
11 77.00 -0.13373
11 78.00 -0.143243
11 79.00 -0.150762
11 80.00 -0.156341
11 81.00 -0.160568
11 82.00 -0.162811
11 83.00 -0.162769
11 84.00 -0.159906
11 85.00 -0.153995
11 86.00 -0.14456
11 87.00 -0.131874
11 88.00 -0.116971
11 89.00 -0.101232
11 90.00 -0.0858086
11 91.00 -0.0735294
11 92.00 -0.0645724
11 93.00 -0.060479
11 94.00 -0.0610734
11 95.00 -0.066709
11 96.00 -0.0758666
11 97.00 -0.0874243
11 98.00 -0.100759
11 99.00 -0.113701
11 100.00 -0.12527
11 101.00 -0.134405
11 102.00 -0.140325
11 103.00 -0.14307
11 104.00 -0.142643
11 105.00 -0.140802
11 106.00 -0.136086
11 107.00 -0.131477
11 108.00 -0.127059
11 109.00 -0.122417
11 110.00 -0.120676
11 111.00 -0.119935
11 112.00 -0.121655
11 113.00 -0.124899
11 114.00 -0.130159
11 115.00 -0.134421
11 116.00 -0.138531
11 117.00 -0.141176
11 118.00 -0.141328
11 119.00 -0.138504
11 120.00 -0.133737
11 121.00 -0.12859
11 122.00 -0.122384
11 123.00 -0.117538
11 124.00 -0.11449
11 125.00 -0.113676
11 126.00 -0.114827
11 127.00 -0.11733
11 128.00 -0.120519
11 129.00 -0.12249
11 130.00 -0.12233
11 131.00 -0.119059
11 132.00 -0.11238
11 133.00 -0.102667
11 134.00 -0.0905154
11 135.00 -0.0768581
11 136.00 -0.0630148
11 137.00 -0.0498192
11 138.00 -0.0383862
11 139.00 -0.0282551
11 140.00 -0.0204689
11 141.00 -0.0145085
11 142.00 -0.010597
11 143.00 -0.00893778
11 144.00 -0.00934579
11 145.00 -0.0119586
11 146.00 -0.0159126
11 147.00 -0.0210273
11 148.00 -0.025959
11 149.00 -0.0304204
11 150.00 -0.0341903
11 151.00 -0.0370747
11 152.00 -0.0399124
11 153.00 -0.0433971
11 154.00 -0.04812
11 155.00 -0.0545884
11 156.00 -0.0630556
11 157.00 -0.0732535
11 158.00 -0.0849952
11 159.00 -0.098243
11 160.00 -0.112987
11 161.00 -0.129423
11 162.00 -0.147359
11 163.00 -0.16603
11 164.00 -0.184489
11 165.00 -0.200295
11 166.00 -0.210655
11 167.00 -0.211958
11 168.00 -0.200841
11 169.00 -0.173913
11 170.00 -0.129859
11 171.00 -0.0726109
11 172.00 -0.0137842
11 173.00 0.0313561
11 174.00 0.0532272
11 175.00 0.0539634
11 176.00 0.0420542
11 177.00 0.0263369
11 178.00 0.0123865
11 179.00 0.0031918
11 180.00 0
12 0.00 0
12 1.00 -0.000184838
12 2.00 -0.0007447
12 3.00 -0.00169059
12 4.00 -0.00303974
12 5.00 -0.0047989
12 6.00 -0.00694847
12 7.00 -0.00940371
12 8.00 -0.0119638
12 9.00 -0.0142592
12 10.00 -0.0157299
12 11.00 -0.0157564
12 12.00 -0.0138929
12 13.00 -0.0101739
12 14.00 -0.00515865
12 15.00 0.000345369
12 16.00 0.00563692
12 17.00 0.0102695
12 18.00 0.0141762
12 19.00 0.0175281
12 20.00 0.02051
12 21.00 0.0234549
12 22.00 0.0264396
12 23.00 0.0294365
12 24.00 0.0322757
12 25.00 0.0348888
12 26.00 0.0371139
12 27.00 0.0390142
12 28.00 0.0407303
12 29.00 0.0424332
12 30.00 0.0441109
12 31.00 0.0457624
12 32.00 0.0469439
12 33.00 0.0471803
12 34.00 0.0457921
12 35.00 0.0420179
12 36.00 0.0356083
12 37.00 0.026289
12 38.00 0.0145117
12 39.00 0.000890112
12 40.00 -0.0136437
12 41.00 -0.0281272
12 42.00 -0.0415641
12 43.00 -0.053324
12 44.00 -0.0630697
12 45.00 -0.0703451
12 46.00 -0.0754
12 47.00 -0.0782284
12 48.00 -0.0789341
12 49.00 -0.077498
12 50.00 -0.073654
12 51.00 -0.0676713
12 52.00 -0.0596134
12 53.00 -0.0500687
12 54.00 -0.0401322
12 55.00 -0.0307344
12 56.00 -0.0234025
12 57.00 -0.018733
12 58.00 -0.0175009
12 59.00 -0.0193071
12 60.00 -0.0241121
12 61.00 -0.0311466
12 62.00 -0.0401631
12 63.00 -0.0506438
12 64.00 -0.0626134
12 65.00 -0.0757758
12 66.00 -0.0904446
12 67.00 -0.106862
12 68.00 -0.124354
12 69.00 -0.141689
12 70.00 -0.15746
12 71.00 -0.17003
12 72.00 -0.177458
12 73.00 -0.178962
12 74.00 -0.173976
12 75.00 -0.163136
12 76.00 -0.147048
12 77.00 -0.127934
12 78.00 -0.107215
12 79.00 -0.0875
12 80.00 -0.0705017
12 81.00 -0.0585322
12 82.00 -0.0530766
12 83.00 -0.0544385
12 84.00 -0.062436
12 85.00 -0.0752
12 86.00 -0.0904049
12 87.00 -0.105293
12 88.00 -0.117857
12 89.00 -0.125999
12 90.00 -0.130462
12 91.00 -0.131682
12 92.00 -0.13061
12 93.00 -0.127835
12 94.00 -0.124031
12 95.00 -0.11922
12 96.00 -0.113333
12 97.00 -0.104183
12 98.00 -0.09375
12 99.00 -0.081862
12 100.00 -0.0691358
12 101.00 -0.0581297
12 102.00 -0.048927
12 103.00 -0.0443864
12 104.00 -0.0421793
12 105.00 -0.0442087
12 106.00 -0.0487589
12 107.00 -0.054078
12 108.00 -0.0619469
12 109.00 -0.0698497
12 110.00 -0.0786219
12 111.00 -0.0883392
12 112.00 -0.0981432
12 113.00 -0.107174
12 114.00 -0.116238
12 115.00 -0.122232
12 116.00 -0.123902
12 117.00 -0.122731
12 118.00 -0.116064
12 119.00 -0.106073
12 120.00 -0.0934363
12 121.00 -0.0805271
12 122.00 -0.0684647
12 123.00 -0.058208
12 124.00 -0.0509001
12 125.00 -0.0449438
12 126.00 -0.0407932
12 127.00 -0.0359477
12 128.00 -0.0304782
12 129.00 -0.02387
12 130.00 -0.0152185
12 131.00 -0.00569801
12 132.00 0.00505051
12 133.00 0.0155556
12 134.00 0.0258732
12 135.00 0.0360738
12 136.00 0.0450635
12 137.00 0.0534351
12 138.00 0.0604743
12 139.00 0.0651072
12 140.00 0.0670262
12 141.00 0.065449
12 142.00 0.0612092
12 143.00 0.0536243
12 144.00 0.0443475
12 145.00 0.0331079
12 146.00 0.0208478
12 147.00 0.00775978
12 148.00 -0.00586701
12 149.00 -0.0200438
12 150.00 -0.0341624
12 151.00 -0.0474421
12 152.00 -0.0593359
12 153.00 -0.0697252
12 154.00 -0.0785767
12 155.00 -0.0863208
12 156.00 -0.0935738
12 157.00 -0.100216
12 158.00 -0.106617
12 159.00 -0.112668
12 160.00 -0.118035
12 161.00 -0.122557
12 162.00 -0.127055
12 163.00 -0.131652
12 164.00 -0.136953
12 165.00 -0.14323
12 166.00 -0.149367
12 167.00 -0.153683
12 168.00 -0.153141
12 169.00 -0.143922
12 170.00 -0.122581
12 171.00 -0.0882482
12 172.00 -0.045504
12 173.00 -0.0051219
12 174.00 0.0216117
12 175.00 0.0311266
12 176.00 0.0278078
12 177.00 0.0185921
12 178.00 0.00909091
12 179.00 0.00233599
12 180.00 0
13 0.00 0
13 1.00 -0.000136558
13 2.00 -0.000550694
13 3.00 -0.00125611
13 4.00 -0.00227322
13 5.00 -0.00362017
13 6.00 -0.00530262
13 7.00 -0.00728023
13 8.00 -0.00943241
13 9.00 -0.0115123
13 10.00 -0.0131549
13 11.00 -0.0139422
13 12.00 -0.0135552
13 13.00 -0.0117948
13 14.00 -0.00841585
13 15.00 -0.0030303
13 16.00 0.00493261
13 17.00 0.0157783
13 18.00 0.0290921
13 19.00 0.0435123
13 20.00 0.057082
13 21.00 0.0679578
13 22.00 0.0751571
13 23.00 0.0785116
13 24.00 0.0785666
13 25.00 0.076055
13 26.00 0.0719933
13 27.00 0.0670139
13 28.00 0.0616116
13 29.00 0.0558344
13 30.00 0.0496558
13 31.00 0.0428817
13 32.00 0.0354063
13 33.00 0.0273841
13 34.00 0.0190605
13 35.00 0.010745
13 36.00 0.00284644
13 37.00 -0.00433925
13 38.00 -0.0104756
13 39.00 -0.0156839
13 40.00 -0.0197435
13 41.00 -0.0226082
13 42.00 -0.0243554
13 43.00 -0.0249038
13 44.00 -0.0237375
13 45.00 -0.0208407
13 46.00 -0.0158672
13 47.00 -0.00924636
13 48.00 -0.00143791
13 49.00 0.00643863
13 50.00 0.0127502
13 51.00 0.0160929
13 52.00 0.0156071
13 53.00 0.0103123
13 54.00 0.000152812
13 55.00 -0.0148752
13 56.00 -0.0341216
13 57.00 -0.0562141
13 58.00 -0.0791946
13 59.00 -0.100758
13 60.00 -0.118186
13 61.00 -0.129271
13 62.00 -0.132492
13 63.00 -0.128354
13 64.00 -0.118404
13 65.00 -0.104963
13 66.00 -0.0906294
13 67.00 -0.0776335
13 68.00 -0.0671241
13 69.00 -0.0605499
13 70.00 -0.0573718
13 71.00 -0.0576091
13 72.00 -0.0602702
13 73.00 -0.0648649
13 74.00 -0.0713481
13 75.00 -0.0799686
13 76.00 -0.0906109
13 77.00 -0.103093
13 78.00 -0.117568
13 79.00 -0.132672
13 80.00 -0.145535
13 81.00 -0.154517
13 82.00 -0.157279
13 83.00 -0.153888
13 84.00 -0.14527
13 85.00 -0.132447
13 86.00 -0.117192
13 87.00 -0.10184
13 88.00 -0.0870394
13 89.00 -0.0738786
13 90.00 -0.0624143
13 91.00 -0.053495
13 92.00 -0.0481481
13 93.00 -0.046815
13 94.00 -0.0499208
13 95.00 -0.0555102
13 96.00 -0.0638119
13 97.00 -0.0733391
13 98.00 -0.0824468
13 99.00 -0.0909918
13 100.00 -0.0988806
13 101.00 -0.104862
13 102.00 -0.107872
13 103.00 -0.108803
13 104.00 -0.104418
13 105.00 -0.0977597
13 106.00 -0.0877193
13 107.00 -0.0770031
13 108.00 -0.0667362
13 109.00 -0.0599793
13 110.00 -0.0548223
13 111.00 -0.0522167
13 112.00 -0.0493827
13 113.00 -0.044708
13 114.00 -0.0377193
13 115.00 -0.0280374
13 116.00 -0.0174129
13 117.00 -0.00816993
13 118.00 -0.00162206
13 119.00 0.000808407
13 120.00 -0.000806452
13 121.00 -0.00480769
13 122.00 -0.0110323
13 123.00 -0.0153374
13 124.00 -0.0176991
13 125.00 -0.0168658
13 126.00 -0.0126414
13 127.00 -0.00816583
13 128.00 -0.00356083
13 129.00 0
13 130.00 0.0026738
13 131.00 0.00357508
13 132.00 0.00489476
13 133.00 0.00564706
13 134.00 0.00681199
13 135.00 0.00791209
13 136.00 0.00939368
13 137.00 0.010408
13 138.00 0.0122299
13 139.00 0.0152427
13 140.00 0.0190174
13 141.00 0.0243328
13 142.00 0.0303502
13 143.00 0.035852
13 144.00 0.0396341
13 145.00 0.0397898
13 146.00 0.0360958
13 147.00 0.028448
13 148.00 0.017187
13 149.00 0.00306331
13 150.00 -0.0121671
13 151.00 -0.028454
13 152.00 -0.0441889
13 153.00 -0.0585859
13 154.00 -0.0710757
13 155.00 -0.0812923
13 156.00 -0.0892901
13 157.00 -0.0951598
13 158.00 -0.100179
13 159.00 -0.104634
13 160.00 -0.109654
13 161.00 -0.115362
13 162.00 -0.121734
13 163.00 -0.128915
13 164.00 -0.136597
13 165.00 -0.143926
13 166.00 -0.149737
13 167.00 -0.152434
13 168.00 -0.148788
13 169.00 -0.135871
13 170.00 -0.110745
13 171.00 -0.07287
13 172.00 -0.027075
13 173.00 0.0150817
13 174.00 0.0412681
13 175.00 0.0476421
13 176.00 0.0396216
13 177.00 0.0255655
13 178.00 0.0122257
13 179.00 0.00319551
13 180.00 0
14 0.00 0
14 1.00 -9.48122e-05
14 2.00 -0.00037791
14 3.00 -0.00084433
14 4.00 -0.00147995
14 5.00 -0.00224734
14 6.00 -0.00306585
14 7.00 -0.00379221
14 8.00 -0.0042094
14 9.00 -0.00406628
14 10.00 -0.00319897
14 11.00 -0.00162078
14 12.00 0.00058897
14 13.00 0.00347249
14 14.00 0.00742276
14 15.00 0.0129982
14 16.00 0.0205838
14 17.00 0.0299532
14 18.00 0.0401557
14 19.00 0.0498405
14 20.00 0.0579683
14 21.00 0.0639243
14 22.00 0.0675563
14 23.00 0.0688481
14 24.00 0.0677379
14 25.00 0.0642792
14 26.00 0.0587392
14 27.00 0.0513884
14 28.00 0.042924
14 29.00 0.0340835
14 30.00 0.0257359
14 31.00 0.0185341
14 32.00 0.0129771
14 33.00 0.00937521
14 34.00 0.00766719
14 35.00 0.00745875
14 36.00 0.00831401
14 37.00 0.0094859
14 38.00 0.0103868
14 39.00 0.010574
14 40.00 0.0104198
14 41.00 0.0103842
14 42.00 0.0113391
14 43.00 0.0137017
14 44.00 0.0174299
14 45.00 0.0211732
14 46.00 0.0234384
14 47.00 0.0224973
14 48.00 0.0169512
14 49.00 0.00632591
14 50.00 -0.00945532
14 51.00 -0.0295623
14 52.00 -0.0524058
14 53.00 -0.0746888
14 54.00 -0.0927188
14 55.00 -0.102786
14 56.00 -0.102194
14 57.00 -0.0911017
14 58.00 -0.0725208
14 59.00 -0.0509839
14 60.00 -0.0310786
14 61.00 -0.0163819
14 62.00 -0.00939533
14 63.00 -0.0107312
14 64.00 -0.020026
14 65.00 -0.0356754
14 66.00 -0.0554761
14 67.00 -0.0763451
14 68.00 -0.0956741
14 69.00 -0.111626
14 70.00 -0.122137
14 71.00 -0.126679
14 72.00 -0.125095
14 73.00 -0.118229
14 74.00 -0.107863
14 75.00 -0.0955032
14 76.00 -0.0832591
14 77.00 -0.0736793
14 78.00 -0.0680502
14 79.00 -0.0658954
14 80.00 -0.0660724
14 81.00 -0.0676118
14 82.00 -0.0677966
14 83.00 -0.0659277
14 84.00 -0.0625376
14 85.00 -0.0588965
14 86.00 -0.0577293
14 87.00 -0.0613333
14 88.00 -0.0696379
14 89.00 -0.0824216
14 90.00 -0.0970206
14 91.00 -0.10996
14 92.00 -0.116529
14 93.00 -0.114991
14 94.00 -0.105862
14 95.00 -0.0896057
14 96.00 -0.0698529
14 97.00 -0.0490566
14 98.00 -0.0300679
14 99.00 -0.0149402
14 100.00 -0.00407747
14 101.00 0.00103734
14 102.00 0.00420168
14 103.00 0.00529101
14 104.00 0.00638978
14 105.00 0.00750268
14 106.00 0.00757576
14 107.00 0.00657174
14 108.00 0.00444939
14 109.00 -0.00112994
14 110.00 -0.00688073
14 111.00 -0.0150463
14 112.00 -0.0220418
14 113.00 -0.0287356
14 114.00 -0.0348706
14 115.00 -0.0401302
14 116.00 -0.0444215
14 117.00 -0.045809
14 118.00 -0.0421245
14 119.00 -0.0345125
14 120.00 -0.022113
14 121.00 -0.00706991
14 122.00 0.00761615
14 123.00 0.0201342
14 124.00 0.027146
14 125.00 0.0288392
14 126.00 0.02537
14 127.00 0.0204499
14 128.00 0.0163292
14 129.00 0.0161591
14 130.00 0.0211889
14 131.00 0.0295594
14 132.00 0.0392365
14 133.00 0.0486322
14 134.00 0.0559339
14 135.00 0.0600657
14 136.00 0.0608814
14 137.00 0.0591611
14 138.00 0.0555316
14 139.00 0.0513684
14 140.00 0.04756
14 141.00 0.0444354
14 142.00 0.04239
14 143.00 0.0416834
14 144.00 0.0410522
14 145.00 0.0400158
14 146.00 0.0369207
14 147.00 0.030632
14 148.00 0.0201905
14 149.00 0.00558451
14 150.00 -0.012301
14 151.00 -0.0332284
14 152.00 -0.0554622
14 153.00 -0.078381
14 154.00 -0.100763
14 155.00 -0.121238
14 156.00 -0.138478
14 157.00 -0.152213
14 158.00 -0.162414
14 159.00 -0.168725
14 160.00 -0.172444
14 161.00 -0.174691
14 162.00 -0.176507
14 163.00 -0.178937
14 164.00 -0.182466
14 165.00 -0.186129
14 166.00 -0.18906
14 167.00 -0.188787
14 168.00 -0.181933
14 169.00 -0.164342
14 170.00 -0.132503
14 171.00 -0.0851411
14 172.00 -0.0276023
14 173.00 0.0268396
14 174.00 0.0608994
14 175.00 0.0682487
14 176.00 0.055774
14 177.00 0.0355775
14 178.00 0.0167858
14 179.00 0.00428159
14 180.00 0
15 0.00 0
15 1.00 -0.000207294
15 2.00 -0.000836022
15 3.00 -0.00190558
15 4.00 -0.00343429
15 5.00 -0.00540331
15 6.00 -0.00769259
15 7.00 -0.00997816
15 8.00 -0.0116469
15 9.00 -0.0118872
15 10.00 -0.0100839
15 11.00 -0.00622331
15 12.00 -0.000755912
15 13.00 0.00586174
15 14.00 0.0133793
15 15.00 0.0215882
15 16.00 0.0300064
15 17.00 0.0378856
15 18.00 0.0444496
15 19.00 0.0492887
15 20.00 0.0523269
15 21.00 0.0536448
15 22.00 0.0534709
15 23.00 0.0523804
15 24.00 0.0509088
15 25.00 0.0495682
15 26.00 0.0483984
15 27.00 0.047017
15 28.00 0.0446948
15 29.00 0.0407016
15 30.00 0.0346441
15 31.00 0.0269027
15 32.00 0.0186265
15 33.00 0.011392
15 34.00 0.00657348
15 35.00 0.00528127
15 36.00 0.00785407
15 37.00 0.0140858
15 38.00 0.0228382
15 39.00 0.0326457
15 40.00 0.0416266
15 41.00 0.0476929
15 42.00 0.0493453
15 43.00 0.0454771
15 44.00 0.0354617
15 45.00 0.0194238
15 46.00 -0.00220367
15 47.00 -0.0277531
15 48.00 -0.0539031
15 49.00 -0.0756483
15 50.00 -0.0874626
15 51.00 -0.086067
15 52.00 -0.0722517
15 53.00 -0.0516695
15 54.00 -0.0303659
15 55.00 -0.0141114
15 56.00 -0.00562561
15 57.00 -0.00597372
15 58.00 -0.014038
15 59.00 -0.0285036
15 60.00 -0.0466227
15 61.00 -0.0659605
15 62.00 -0.0840572
15 63.00 -0.0987788
15 64.00 -0.108201
15 65.00 -0.110976
15 66.00 -0.106424
15 67.00 -0.0954925
15 68.00 -0.0801527
15 69.00 -0.0639598
15 70.00 -0.0513202
15 71.00 -0.0451215
15 72.00 -0.0477528
15 73.00 -0.0582809
15 74.00 -0.0741553
15 75.00 -0.0918274
15 76.00 -0.106322
15 77.00 -0.114485
15 78.00 -0.115008
15 79.00 -0.109984
15 80.00 -0.101273
15 81.00 -0.093732
15 82.00 -0.08753
15 83.00 -0.0839073
15 84.00 -0.0818599
15 85.00 -0.0787671
15 86.00 -0.0744452
15 87.00 -0.0687593
15 88.00 -0.0631333
15 89.00 -0.0592052
15 90.00 -0.0571429
15 91.00 -0.0571924
15 92.00 -0.0568889
15 93.00 -0.0554545
15 94.00 -0.0520446
15 95.00 -0.0467112
15 96.00 -0.0422812
15 97.00 -0.0397554
15 98.00 -0.0413136
15 99.00 -0.0440529
15 100.00 -0.0478905
15 101.00 -0.0481786
15 102.00 -0.0421179
15 103.00 -0.0294118
15 104.00 -0.00868486
15 105.00 0.01625
15 106.00 0.0413534
15 107.00 0.0599251
15 108.00 0.0705446
15 109.00 0.0721271
15 110.00 0.0662651
15 111.00 0.0558195
15 112.00 0.042204
15 113.00 0.0278422
15 114.00 0.0149083
15 115.00 0.00339367
15 116.00 -0.00443459
15 117.00 -0.00862069
15 118.00 -0.0103627
15 119.00 -0.00887574
15 120.00 -0.00464684
15 121.00 0.00348432
15 122.00 0.0154723
15 123.00 0.0335622
15 124.00 0.0554755
15 125.00 0.0812113
15 126.00 0.107119
15 127.00 0.130124
15 128.00 0.146248
15 129.00 0.153456
15 130.00 0.150437
15 131.00 0.140158
15 132.00 0.127134
15 133.00 0.114865
15 134.00 0.106223
15 135.00 0.101279
15 136.00 0.0984329
15 137.00 0.0949008
15 138.00 0.0893266
15 139.00 0.0804649
15 140.00 0.0691164
15 141.00 0.0557461
15 142.00 0.0429293
15 143.00 0.0314309
15 144.00 0.0215886
15 145.00 0.0136766
15 146.00 0.00637196
15 147.00 -0.000789889
15 148.00 -0.00862069
15 149.00 -0.0170807
15 150.00 -0.0261036
15 151.00 -0.0355522
15 152.00 -0.0452354
15 153.00 -0.0559769
15 154.00 -0.0676666
15 155.00 -0.0811081
15 156.00 -0.0957211
15 157.00 -0.110446
15 158.00 -0.124048
15 159.00 -0.136026
15 160.00 -0.146158
15 161.00 -0.154066
15 162.00 -0.159936
15 163.00 -0.163288
15 164.00 -0.163973
15 165.00 -0.161649
15 166.00 -0.155908
15 167.00 -0.146591
15 168.00 -0.13311
15 169.00 -0.114345
15 170.00 -0.0891345
15 171.00 -0.0564458
15 172.00 -0.0180737
15 173.00 0.0190866
15 174.00 0.0440783
15 175.00 0.0512729
15 176.00 0.0430802
15 177.00 0.0281135
15 178.00 0.0134519
15 179.00 0.0034655
15 180.00 0
