2 0.00 0
2 1.00 6.72188e-05
2 2.00 0.000255937
2 3.00 0.000567614
2 4.00 0.00101827
2 5.00 0.00158427
2 6.00 0.00228354
2 7.00 0.00310783
2 8.00 0.00406327
2 9.00 0.00512886
2 10.00 0.00632621
2 11.00 0.0076498
2 12.00 0.00909413
2 13.00 0.0106541
2 14.00 0.0123395
2 15.00 0.0141457
2 16.00 0.0160683
2 17.00 0.0181019
2 18.00 0.0202575
2 19.00 0.022513
2 20.00 0.0248963
2 21.00 0.0273654
2 22.00 0.0299654
2 23.00 0.0326529
2 24.00 0.0354351
2 25.00 0.0383401
2 26.00 0.0413155
2 27.00 0.0443872
2 28.00 0.0475619
2 29.00 0.0507987
2 30.00 0.0541457
2 31.00 0.0575331
2 32.00 0.0610089
2 33.00 0.0645741
2 34.00 0.0681704
2 35.00 0.0718193
2 36.00 0.0755427
2 37.00 0.0793012
2 38.00 0.0831179
2 39.00 0.0869475
2 40.00 0.0908035
2 41.00 0.0947148
2 42.00 0.0986207
2 43.00 0.102543
2 44.00 0.106462
2 45.00 0.110394
2 46.00 0.11432
2 47.00 0.118261
2 48.00 0.122146
2 49.00 0.12605
2 50.00 0.12995
2 51.00 0.133758
2 52.00 0.137638
2 53.00 0.141441
2 54.00 0.145194
2 55.00 0.148946
2 56.00 0.152687
2 57.00 0.156479
2 58.00 0.160209
2 59.00 0.163858
2 60.00 0.167613
2 61.00 0.171351
2 62.00 0.175179
2 63.00 0.178982
2 64.00 0.18286
2 65.00 0.186684
2 66.00 0.190751
2 67.00 0.194754
2 68.00 0.199024
2 69.00 0.203222
2 70.00 0.207752
2 71.00 0.212383
2 72.00 0.217021
2 73.00 0.221852
2 74.00 0.227053
2 75.00 0.232272
2 76.00 0.237516
2 77.00 0.243013
2 78.00 0.248808
2 79.00 0.254717
2 80.00 0.260891
2 81.00 0.266937
2 82.00 0.273134
2 83.00 0.279652
2 84.00 0.286076
2 85.00 0.292647
2 86.00 0.29913
2 87.00 0.305693
2 88.00 0.312082
2 89.00 0.318674
2 90.00 0.32489
2 91.00 0.331135
2 92.00 0.336898
2 93.00 0.342972
2 94.00 0.348348
2 95.00 0.353598
2 96.00 0.358691
2 97.00 0.36305
2 98.00 0.366901
2 99.00 0.371043
2 100.00 0.373868
2 101.00 0.376652
2 102.00 0.379047
2 103.00 0.380909
2 104.00 0.382022
2 105.00 0.382816
2 106.00 0.382296
2 107.00 0.382061
2 108.00 0.380616
2 109.00 0.37892
2 110.00 0.376766
2 111.00 0.373468
2 112.00 0.369648
2 113.00 0.365692
2 114.00 0.360628
2 115.00 0.355391
2 116.00 0.349188
2 117.00 0.341981
2 118.00 0.335132
2 119.00 0.327239
2 120.00 0.318885
2 121.00 0.309434
2 122.00 0.300319
2 123.00 0.290071
2 124.00 0.279974
2 125.00 0.268896
2 126.00 0.257802
2 127.00 0.245699
2 128.00 0.233775
2 129.00 0.222222
2 130.00 0.209319
2 131.00 0.196662
2 132.00 0.183688
2 133.00 0.170877
2 134.00 0.158527
2 135.00 0.145675
2 136.00 0.132466
2 137.00 0.119691
2 138.00 0.108171
2 139.00 0.0956113
2 140.00 0.0843184
2 141.00 0.0728424
2 142.00 0.0627981
2 143.00 0.0526316
2 144.00 0.0431655
2 145.00 0.0336
2 146.00 0.0256
2 147.00 0.0183706
2 148.00 0.0111643
2 149.00 0.00556439
2 150.00 0
2 151.00 -0.00473186
2 152.00 -0.00862745
2 153.00 -0.0124708
2 154.00 -0.0147173
2 155.00 -0.0169101
2 156.00 -0.0190694
2 157.00 -0.0196821
2 158.00 -0.0202551
2 159.00 -0.0208178
2 160.00 -0.0206338
2 161.00 -0.0197224
2 162.00 -0.0195369
2 163.00 -0.017934
2 164.00 -0.0170576
2 165.00 -0.0155039
2 166.00 -0.0139762
2 167.00 -0.012474
2 168.00 -0.0109966
2 169.00 -0.00955631
2 170.00 -0.00813008
2 171.00 -0.00673401
2 172.00 -0.00535475
2 173.00 -0.00399467
2 174.00 -0.00331345
2 175.00 -0.0019802
2 176.00 -0.00131579
2 177.00 -0.000656168
2 178.00 -0.000655308
2 179.00 0
2 180.00 0
3 0.00 0
3 1.00 1.54071e-05
3 2.00 6.18826e-05
3 3.00 0.000147983
3 4.00 0.000259499
3 5.00 0.000398054
3 6.00 0.000565721
3 7.00 0.000756828
3 8.00 0.000965567
3 9.00 0.00119436
3 10.00 0.00143712
3 11.00 0.00168714
3 12.00 0.00194607
3 13.00 0.00219633
3 14.00 0.00244759
3 15.00 0.0026794
3 16.00 0.00288942
3 17.00 0.00307441
3 18.00 0.00323029
3 19.00 0.00333944
3 20.00 0.00340671
3 21.00 0.00341042
3 22.00 0.00335331
3 23.00 0.00322382
3 24.00 0.00302466
3 25.00 0.00274272
3 26.00 0.00238144
3 27.00 0.00192678
3 28.00 0.00138379
3 29.00 0.000761103
3 30.00 7.17721e-05
3 31.00 -0.000690926
3 32.00 -0.00153383
3 33.00 -0.00240497
3 34.00 -0.00332998
3 35.00 -0.00424014
3 36.00 -0.00515445
3 37.00 -0.00605967
3 38.00 -0.00685724
3 39.00 -0.00755567
3 40.00 -0.00816924
3 41.00 -0.00862199
3 42.00 -0.00887383
3 43.00 -0.00893829
3 44.00 -0.00877888
3 45.00 -0.00835763
3 46.00 -0.00770077
3 47.00 -0.00684981
3 48.00 -0.00570767
3 49.00 -0.00432124
3 50.00 -0.00275458
3 51.00 -0.000998548
3 52.00 0.000860585
3 53.00 0.00291809
3 54.00 0.00507722
3 55.00 0.00733333
3 56.00 0.00944606
3 57.00 0.0117417
3 58.00 0.0138462
3 59.00 0.0158474
3 60.00 0.0178597
3 61.00 0.0195732
3 62.00 0.0212471
3 63.00 0.022537
3 64.00 0.0237254
3 65.00 0.024789
3 66.00 0.0255233
3 67.00 0.0260686
3 68.00 0.0264
3 69.00 0.0264914
3 70.00 0.0265275
3 71.00 0.02628
3 72.00 0.0259495
3 73.00 0.0252885
3 74.00 0.0247638
3 75.00 0.0241443
3 76.00 0.0234224
3 77.00 0.0225908
3 78.00 0.0216489
3 79.00 0.0211982
3 80.00 0.0203562
3 81.00 0.0200658
3 82.00 0.0197145
3 83.00 0.019305
3 84.00 0.019189
3 85.00 0.019403
3 86.00 0.0195928
3 87.00 0.0201581
3 88.00 0.0207233
3 89.00 0.0216938
3 90.00 0.0226884
3 91.00 0.0236946
3 92.00 0.0251685
3 93.00 0.0271389
3 94.00 0.0286924
3 95.00 0.0307692
3 96.00 0.0328915
3 97.00 0.0350701
3 98.00 0.0377937
3 99.00 0.0400833
3 100.00 0.0424178
3 101.00 0.0453564
3 102.00 0.0483516
3 103.00 0.050838
3 104.00 0.0539773
3 105.00 0.056582
3 106.00 0.059824
3 107.00 0.0625372
3 108.00 0.0659008
3 109.00 0.0686695
3 110.00 0.0721393
3 111.00 0.0750315
3 112.00 0.0779553
3 113.00 0.0809061
3 114.00 0.0844794
3 115.00 0.0874751
3 116.00 0.090422
3 117.00 0.0933694
3 118.00 0.0963773
3 119.00 0.0986207
3 120.00 0.10153
3 121.00 0.103641
3 122.00 0.105783
3 123.00 0.107878
3 124.00 0.109208
3 125.00 0.110553
3 126.00 0.111111
3 127.00 0.11087
3 128.00 0.110626
3 129.00 0.109649
3 130.00 0.108009
3 131.00 0.105535
3 132.00 0.102374
3 133.00 0.0985075
3 134.00 0.0939144
3 135.00 0.0877458
3 136.00 0.0808543
3 137.00 0.073903
3 138.00 0.0645412
3 139.00 0.0550747
3 140.00 0.0446215
3 141.00 0.0331447
3 142.00 0.0205086
3 143.00 0.00750626
3 144.00 -0.00763359
3 145.00 -0.0224525
3 146.00 -0.0386983
3 147.00 -0.0547085
3 148.00 -0.071298
3 149.00 -0.0884544
3 150.00 -0.105313
3 151.00 -0.120656
3 152.00 -0.136408
3 153.00 -0.150249
3 154.00 -0.163142
3 155.00 -0.17378
3 156.00 -0.18219
3 157.00 -0.187885
3 158.00 -0.189938
3 159.00 -0.190379
3 160.00 -0.188199
3 161.00 -0.182276
3 162.00 -0.17495
3 163.00 -0.165362
3 164.00 -0.153698
3 165.00 -0.141376
3 166.00 -0.127306
3 167.00 -0.113616
3 168.00 -0.0995595
3 169.00 -0.0852713
3 170.00 -0.0716091
3 171.00 -0.0585326
3 172.00 -0.0468876
3 173.00 -0.036479
3 174.00 -0.0273011
3 175.00 -0.0184473
3 176.00 -0.0121581
3 177.00 -0.00677201
3 178.00 -0.0029873
3 179.00 -0.000744048
3 180.00 0
4 0.00 0
4 1.00 -2.19039e-05
4 2.00 -7.71971e-05
4 3.00 -0.000178498
4 4.00 -0.000317448
4 5.00 -0.000509265
4 6.00 -0.000747761
4 7.00 -0.00103922
4 8.00 -0.00139772
4 9.00 -0.00182687
4 10.00 -0.00233131
4 11.00 -0.00292383
4 12.00 -0.00361191
4 13.00 -0.00439608
4 14.00 -0.00530103
4 15.00 -0.00632001
4 16.00 -0.00746111
4 17.00 -0.00874196
4 18.00 -0.0101487
4 19.00 -0.0116945
4 20.00 -0.0133792
4 21.00 -0.0151709
4 22.00 -0.0170813
4 23.00 -0.0190748
4 24.00 -0.021135
4 25.00 -0.0232207
4 26.00 -0.0253379
4 27.00 -0.0273882
4 28.00 -0.0293872
4 29.00 -0.0312621
4 30.00 -0.0330092
4 31.00 -0.0345756
4 32.00 -0.035968
4 33.00 -0.0371763
4 34.00 -0.0381959
4 35.00 -0.0390313
4 36.00 -0.0396996
4 37.00 -0.0403168
4 38.00 -0.0408457
4 39.00 -0.041386
4 40.00 -0.0419584
4 41.00 -0.042703
4 42.00 -0.0435423
4 43.00 -0.0446993
4 44.00 -0.0460303
4 45.00 -0.0477941
4 46.00 -0.0498282
4 47.00 -0.0523434
4 48.00 -0.0551493
4 49.00 -0.0584659
4 50.00 -0.0620717
4 51.00 -0.0660765
4 52.00 -0.0704225
4 53.00 -0.075
4 54.00 -0.0798193
4 55.00 -0.0847278
4 56.00 -0.0897094
4 57.00 -0.0945886
4 58.00 -0.0994527
4 59.00 -0.104266
4 60.00 -0.108647
4 61.00 -0.112871
4 62.00 -0.116714
4 63.00 -0.120272
4 64.00 -0.12356
4 65.00 -0.126505
4 66.00 -0.129084
4 67.00 -0.13146
4 68.00 -0.133681
4 69.00 -0.135449
4 70.00 -0.137265
4 71.00 -0.138843
4 72.00 -0.140219
4 73.00 -0.141662
4 74.00 -0.142857
4 75.00 -0.143816
4 76.00 -0.144837
4 77.00 -0.145628
4 78.00 -0.146162
4 79.00 -0.14672
4 80.00 -0.146721
4 81.00 -0.146388
4 82.00 -0.145419
4 83.00 -0.144453
4 84.00 -0.142857
4 85.00 -0.140475
4 86.00 -0.138239
4 87.00 -0.135241
4 88.00 -0.131509
4 89.00 -0.127469
4 90.00 -0.123631
4 91.00 -0.119037
4 92.00 -0.114138
4 93.00 -0.109048
4 94.00 -0.104197
4 95.00 -0.0985847
4 96.00 -0.0932873
4 97.00 -0.0883234
4 98.00 -0.0826613
4 99.00 -0.0773537
4 100.00 -0.0718686
4 101.00 -0.0667702
4 102.00 -0.0615545
4 103.00 -0.0556723
4 104.00 -0.050238
4 105.00 -0.0447046
4 106.00 -0.0390583
4 107.00 -0.0333513
4 108.00 -0.0275676
4 109.00 -0.0217273
4 110.00 -0.0158211
4 111.00 -0.00985761
4 112.00 -0.00385039
4 113.00 0.00220872
4 114.00 0.00831025
4 115.00 0.0139043
4 116.00 0.0195531
4 117.00 0.0252384
4 118.00 0.0304225
4 119.00 0.0350877
4 120.00 0.039818
4 121.00 0.0434534
4 122.00 0.0471535
4 123.00 0.0503472
4 124.00 0.0529994
4 125.00 0.055132
4 126.00 0.0567041
4 127.00 0.0577037
4 128.00 0.0581535
4 129.00 0.057971
4 130.00 0.0572124
4 131.00 0.0557598
4 132.00 0.0542875
4 133.00 0.0521415
4 134.00 0.0493134
4 135.00 0.0457967
4 136.00 0.042218
4 137.00 0.0379507
4 138.00 0.0336081
4 139.00 0.0286078
4 140.00 0.0229446
4 141.00 0.0166028
4 142.00 0.0102433
4 143.00 0.00320924
4 144.00 -0.00451031
4 145.00 -0.0129534
4 146.00 -0.0215124
4 147.00 -0.0315789
4 148.00 -0.0418883
4 149.00 -0.0532345
4 150.00 -0.0657084
4 151.00 -0.0788006
4 152.00 -0.0925267
4 153.00 -0.107065
4 154.00 -0.121733
4 155.00 -0.13727
4 156.00 -0.152876
4 157.00 -0.167476
4 158.00 -0.181743
4 159.00 -0.193548
4 160.00 -0.203287
4 161.00 -0.209649
4 162.00 -0.212202
4 163.00 -0.210619
4 164.00 -0.204925
4 165.00 -0.194276
4 166.00 -0.180815
4 167.00 -0.163636
4 168.00 -0.1456
4 169.00 -0.125675
4 170.00 -0.106825
4 171.00 -0.0877318
4 172.00 -0.0699588
4 173.00 -0.053536
4 174.00 -0.0395913
4 175.00 -0.027881
4 176.00 -0.0175121
4 177.00 -0.0100532
4 178.00 -0.00465929
4 179.00 -0.00115407
4 180.00 0
5 0.00 0
5 1.00 -8.14269e-05
5 2.00 -0.000324786
5 3.00 -0.000735819
5 4.00 -0.00130898
5 5.00 -0.00205294
5 6.00 -0.00295766
5 7.00 -0.0040345
5 8.00 -0.00527671
5 9.00 -0.0066865
5 10.00 -0.00825178
5 11.00 -0.00996489
5 12.00 -0.0118095
5 13.00 -0.0137707
5 14.00 -0.0158204
5 15.00 -0.017912
5 16.00 -0.0200235
5 17.00 -0.0220895
5 18.00 -0.0240656
5 19.00 -0.0258955
5 20.00 -0.0275403
5 21.00 -0.0289477
5 22.00 -0.0301145
5 23.00 -0.0310083
5 24.00 -0.0316664
5 25.00 -0.0321384
5 26.00 -0.0324888
5 27.00 -0.0328121
5 28.00 -0.0332115
5 29.00 -0.0338198
5 30.00 -0.0347156
5 31.00 -0.0360793
5 32.00 -0.0379633
5 33.00 -0.0404852
5 34.00 -0.043699
5 35.00 -0.0476538
5 36.00 -0.052386
5 37.00 -0.0578709
5 38.00 -0.064106
5 39.00 -0.0709403
5 40.00 -0.0783478
5 41.00 -0.0861406
5 42.00 -0.0942148
5 43.00 -0.102425
5 44.00 -0.110422
5 45.00 -0.118221
5 46.00 -0.125511
5 47.00 -0.132298
5 48.00 -0.138337
5 49.00 -0.143669
5 50.00 -0.148301
5 51.00 -0.15212
5 52.00 -0.155415
5 53.00 -0.157975
5 54.00 -0.160193
5 55.00 -0.162033
5 56.00 -0.163493
5 57.00 -0.164859
5 58.00 -0.16637
5 59.00 -0.167691
5 60.00 -0.169138
5 61.00 -0.170851
5 62.00 -0.172568
5 63.00 -0.174533
5 64.00 -0.176607
5 65.00 -0.178787
5 66.00 -0.18111
5 67.00 -0.183003
5 68.00 -0.185085
5 69.00 -0.187028
5 70.00 -0.18833
5 71.00 -0.189511
5 72.00 -0.189994
5 73.00 -0.190461
5 74.00 -0.189873
5 75.00 -0.188874
5 76.00 -0.187158
5 77.00 -0.18503
5 78.00 -0.181818
5 79.00 -0.178493
5 80.00 -0.174075
5 81.00 -0.169653
5 82.00 -0.164788
5 83.00 -0.159145
5 84.00 -0.153443
5 85.00 -0.14783
5 86.00 -0.141906
5 87.00 -0.136402
5 88.00 -0.130677
5 89.00 -0.125434
5 90.00 -0.12044
5 91.00 -0.115607
5 92.00 -0.110961
5 93.00 -0.106624
5 94.00 -0.102059
5 95.00 -0.0982472
5 96.00 -0.094287
5 97.00 -0.0901869
5 98.00 -0.0859155
5 99.00 -0.0815653
5 100.00 -0.0765957
5 101.00 -0.0715301
5 102.00 -0.0664137
5 103.00 -0.0607499
5 104.00 -0.05458
5 105.00 -0.04789
5 106.00 -0.0412322
5 107.00 -0.0336015
5 108.00 -0.0264775
5 109.00 -0.0184136
5 110.00 -0.0108491
5 111.00 -0.00282885
5 112.00 0.00518379
5 113.00 0.0131951
5 114.00 0.0207449
5 115.00 0.0278302
5 116.00 0.0349551
5 117.00 0.0416076
5 118.00 0.0478446
5 119.00 0.0536053
5 120.00 0.0584601
5 121.00 0.0628571
5 122.00 0.066762
5 123.00 0.0697563
5 124.00 0.0727621
5 125.00 0.0747843
5 126.00 0.0763689
5 127.00 0.0774783
5 128.00 0.07863
5 129.00 0.0793037
5 130.00 0.079573
5 131.00 0.0793574
5 132.00 0.0792564
5 133.00 0.0787014
5 134.00 0.0777228
5 135.00 0.0762712
5 136.00 0.0743719
5 137.00 0.0714648
5 138.00 0.0680307
5 139.00 0.0635003
5 140.00 0.0578426
5 141.00 0.0509989
5 142.00 0.0429253
5 143.00 0.0336
5 144.00 0.0230687
5 145.00 0.0118471
5 146.00 0
5 147.00 -0.0124459
5 148.00 -0.0254605
5 149.00 -0.0390244
5 150.00 -0.0521173
5 151.00 -0.0659041
5 152.00 -0.0788177
5 153.00 -0.0921634
5 154.00 -0.106086
5 155.00 -0.119682
5 156.00 -0.133179
5 157.00 -0.147774
5 158.00 -0.161783
5 159.00 -0.175803
5 160.00 -0.188925
5 161.00 -0.201347
5 162.00 -0.211806
5 163.00 -0.218661
5 164.00 -0.221014
5 165.00 -0.21793
5 166.00 -0.209269
5 167.00 -0.195035
5 168.00 -0.176027
5 169.00 -0.153695
5 170.00 -0.12995
5 171.00 -0.106519
5 172.00 -0.0840611
5 173.00 -0.0640697
5 174.00 -0.0463768
5 175.00 -0.0320513
5 176.00 -0.0201137
5 177.00 -0.011378
5 178.00 -0.00492005
5 179.00 -0.00121017
5 180.00 0
6 0.00 0
6 1.00 -7.7596e-05
6 2.00 -0.00031492
6 3.00 -0.000708305
6 4.00 -0.00125819
6 5.00 -0.00195636
6 6.00 -0.00279707
6 7.00 -0.0037743
6 8.00 -0.00487851
6 9.00 -0.00609235
6 10.00 -0.00739039
6 11.00 -0.00875759
6 12.00 -0.0101636
6 13.00 -0.0115781
6 14.00 -0.0129832
6 15.00 -0.0143524
6 16.00 -0.01567
6 17.00 -0.016964
6 18.00 -0.0182532
6 19.00 -0.0195893
6 20.00 -0.0210427
6 21.00 -0.0227055
6 22.00 -0.0246886
6 23.00 -0.0270654
6 24.00 -0.0299443
6 25.00 -0.0333439
6 26.00 -0.0372934
6 27.00 -0.0417539
6 28.00 -0.0466815
6 29.00 -0.0519959
6 30.00 -0.0574983
6 31.00 -0.0630583
6 32.00 -0.0685428
6 33.00 -0.0737293
6 34.00 -0.0785418
6 35.00 -0.0829085
6 36.00 -0.0868312
6 37.00 -0.0903622
6 38.00 -0.0936542
6 39.00 -0.0969614
6 40.00 -0.100452
6 41.00 -0.104421
6 42.00 -0.10908
6 43.00 -0.11458
6 44.00 -0.121076
6 45.00 -0.12852
6 46.00 -0.136847
6 47.00 -0.145898
6 48.00 -0.155126
6 49.00 -0.164443
6 50.00 -0.173112
6 51.00 -0.180659
6 52.00 -0.186781
6 53.00 -0.190934
6 54.00 -0.193038
6 55.00 -0.192667
6 56.00 -0.189931
6 57.00 -0.185232
6 58.00 -0.178511
6 59.00 -0.170623
6 60.00 -0.161791
6 61.00 -0.152624
6 62.00 -0.143662
6 63.00 -0.135863
6 64.00 -0.12919
6 65.00 -0.124005
6 66.00 -0.12125
6 67.00 -0.120176
6 68.00 -0.121448
6 69.00 -0.12448
6 70.00 -0.129189
6 71.00 -0.135007
6 72.00 -0.141205
6 73.00 -0.147372
6 74.00 -0.153228
6 75.00 -0.158103
6 76.00 -0.161551
6 77.00 -0.16385
6 78.00 -0.164374
6 79.00 -0.163604
6 80.00 -0.161575
6 81.00 -0.159023
6 82.00 -0.15547
6 83.00 -0.152097
6 84.00 -0.14886
6 85.00 -0.146122
6 86.00 -0.143987
6 87.00 -0.142433
6 88.00 -0.141379
6 89.00 -0.141419
6 90.00 -0.141145
6 91.00 -0.141446
6 92.00 -0.14195
6 93.00 -0.142661
6 94.00 -0.142594
6 95.00 -0.142725
6 96.00 -0.142195
6 97.00 -0.141466
6 98.00 -0.140074
6 99.00 -0.13849
6 100.00 -0.136385
6 101.00 -0.133702
6 102.00 -0.130515
6 103.00 -0.126374
6 104.00 -0.121295
6 105.00 -0.115751
6 106.00 -0.108853
6 107.00 -0.101124
6 108.00 -0.0921288
6 109.00 -0.0827402
6 110.00 -0.0729766
6 111.00 -0.062445
6 112.00 -0.0520332
6 113.00 -0.041721
6 114.00 -0.031115
6 115.00 -0.0210481
6 116.00 -0.0111064
6 117.00 -0.00169996
6 118.00 0.00761099
6 119.00 0.0168421
6 120.00 0.025598
6 121.00 0.034728
6 122.00 0.0430242
6 123.00 0.0513356
6 124.00 0.0592654
6 125.00 0.0668617
6 126.00 0.0737018
6 127.00 0.0793451
6 128.00 0.084246
6 129.00 0.0879121
6 130.00 0.0899067
6 131.00 0.0910638
6 132.00 0.0909479
6 133.00 0.0895075
6 134.00 0.0871993
6 135.00 0.0839793
6 136.00 0.0803109
6 137.00 0.0757576
6 138.00 0.0707772
6 139.00 0.0658239
6 140.00 0.0600351
6 141.00 0.0533275
6 142.00 0.0457168
6 143.00 0.0371531
6 144.00 0.0271003
6 145.00 0.0150479
6 146.00 0.00137994
6 147.00 -0.0139147
6 148.00 -0.0312938
6 149.00 -0.0497653
6 150.00 -0.0691765
6 151.00 -0.0894118
6 152.00 -0.109023
6 153.00 -0.128337
6 154.00 -0.147059
6 155.00 -0.16395
6 156.00 -0.179786
6 157.00 -0.194574
6 158.00 -0.208117
6 159.00 -0.220785
6 160.00 -0.231785
6 161.00 -0.242089
6 162.00 -0.250907
6 163.00 -0.256974
6 164.00 -0.259424
6 165.00 -0.257127
6 166.00 -0.248548
6 167.00 -0.232964
6 168.00 -0.210557
6 169.00 -0.18338
6 170.00 -0.152836
6 171.00 -0.122609
6 172.00 -0.0943739
6 173.00 -0.0697869
6 174.00 -0.0493637
6 175.00 -0.0329277
6 176.00 -0.0201207
6 177.00 -0.0111323
6 178.00 -0.00489446
6 179.00 -0.00119474
6 180.00 0
7 0.00 0
7 1.00 -0.000120254
7 2.00 -0.000479889
7 3.00 -0.00107142
7 4.00 -0.00189336
7 5.00 -0.00292753
7 6.00 -0.00416229
7 7.00 -0.0055797
7 8.00 -0.00714938
7 9.00 -0.00884671
7 10.00 -0.0106354
7 11.00 -0.0124841
7 12.00 -0.0143592
7 13.00 -0.0162414
7 14.00 -0.01811
7 15.00 -0.0199801
7 16.00 -0.0218664
7 17.00 -0.0238166
7 18.00 -0.0258914
7 19.00 -0.0281568
7 20.00 -0.030642
7 21.00 -0.0333722
7 22.00 -0.0363789
7 23.00 -0.0395858
7 24.00 -0.0429675
7 25.00 -0.0464779
7 26.00 -0.0500162
7 27.00 -0.0536291
7 28.00 -0.0572819
7 29.00 -0.0610089
7 30.00 -0.0649562
7 31.00 -0.0691446
7 32.00 -0.0737509
7 33.00 -0.0788038
7 34.00 -0.0842627
7 35.00 -0.0901412
7 36.00 -0.0962332
7 37.00 -0.102264
7 38.00 -0.107944
7 39.00 -0.11292
7 40.00 -0.117011
7 41.00 -0.119913
7 42.00 -0.121522
7 43.00 -0.121741
7 44.00 -0.120932
7 45.00 -0.119225
7 46.00 -0.116967
7 47.00 -0.114537
7 48.00 -0.112144
7 49.00 -0.110023
7 50.00 -0.108295
7 51.00 -0.106915
7 52.00 -0.105962
7 53.00 -0.10507
7 54.00 -0.104265
7 55.00 -0.103262
7 56.00 -0.101838
7 57.00 -0.100155
7 58.00 -0.0981694
7 59.00 -0.0960389
7 60.00 -0.0941817
7 61.00 -0.0926226
7 62.00 -0.0920414
7 63.00 -0.0926089
7 64.00 -0.094703
7 65.00 -0.0984468
7 66.00 -0.104359
7 67.00 -0.111803
7 68.00 -0.120983
7 69.00 -0.131424
7 70.00 -0.142274
7 71.00 -0.153218
7 72.00 -0.163227
7 73.00 -0.172046
7 74.00 -0.178975
7 75.00 -0.183094
7 76.00 -0.184951
7 77.00 -0.183983
7 78.00 -0.180843
7 79.00 -0.175891
7 80.00 -0.170097
7 81.00 -0.16355
7 82.00 -0.157766
7 83.00 -0.152755
7 84.00 -0.149445
7 85.00 -0.147841
7 86.00 -0.148444
7 87.00 -0.150926
7 88.00 -0.155149
7 89.00 -0.159889
7 90.00 -0.16504
7 91.00 -0.169073
7 92.00 -0.172173
7 93.00 -0.173389
7 94.00 -0.17235
7 95.00 -0.168801
7 96.00 -0.163339
7 97.00 -0.156095
7 98.00 -0.14719
7 99.00 -0.138053
7 100.00 -0.1278
7 101.00 -0.117698
7 102.00 -0.107746
7 103.00 -0.09841
7 104.00 -0.0896287
7 105.00 -0.081745
7 106.00 -0.0739807
7 107.00 -0.0671393
7 108.00 -0.0603805
7 109.00 -0.0545529
7 110.00 -0.0483937
7 111.00 -0.0427247
7 112.00 -0.0371703
7 113.00 -0.0313243
7 114.00 -0.0259638
7 115.00 -0.0203125
7 116.00 -0.0151339
7 117.00 -0.00964506
7 118.00 -0.00422103
7 119.00 0.000763942
7 120.00 0.00608828
7 121.00 0.0113766
7 122.00 0.0166352
7 123.00 0.0218703
7 124.00 0.0270982
7 125.00 0.0326822
7 126.00 0.0382596
7 127.00 0.0441948
7 128.00 0.0501497
7 129.00 0.0560957
7 130.00 0.0624533
7 131.00 0.068488
7 132.00 0.0746157
7 133.00 0.0804511
7 134.00 0.0856604
7 135.00 0.0902541
7 136.00 0.0937857
7 137.00 0.0958957
7 138.00 0.0964878
7 139.00 0.0951456
7 140.00 0.091761
7 141.00 0.0867007
7 142.00 0.079165
7 143.00 0.0703279
7 144.00 0.0594059
7 145.00 0.047241
7 146.00 0.034222
7 147.00 0.0195609
7 148.00 0.00440705
7 149.00 -0.0120676
7 150.00 -0.029899
7 151.00 -0.0482759
7 152.00 -0.0679691
7 153.00 -0.0884992
7 154.00 -0.108935
7 155.00 -0.129584
7 156.00 -0.149533
7 157.00 -0.167747
7 158.00 -0.184466
7 159.00 -0.199271
7 160.00 -0.211899
7 161.00 -0.222176
7 162.00 -0.229735
7 163.00 -0.23461
7 164.00 -0.236469
7 165.00 -0.233867
7 166.00 -0.225989
7 167.00 -0.21247
7 168.00 -0.192215
7 169.00 -0.166196
7 170.00 -0.137264
7 171.00 -0.107563
7 172.00 -0.0805395
7 173.00 -0.0577125
7 174.00 -0.0392778
7 175.00 -0.0253749
7 176.00 -0.0151234
7 177.00 -0.00792864
7 178.00 -0.00353357
7 179.00 -0.000913451
7 180.00 0
8 0.00 0
8 1.00 -4.03759e-05
8 2.00 -0.000159522
8 3.00 -0.000361147
8 4.00 -0.000645012
8 5.00 -0.00102022
8 6.00 -0.00149221
8 7.00 -0.0020692
8 8.00 -0.00277325
8 9.00 -0.00362308
8 10.00 -0.0046632
8 11.00 -0.00593506
8 12.00 -0.00749826
8 13.00 -0.00942756
8 14.00 -0.0117938
8 15.00 -0.0146425
8 16.00 -0.0180282
8 17.00 -0.0219381
8 18.00 -0.0262971
8 19.00 -0.0310447
8 20.00 -0.0360041
8 21.00 -0.0410563
8 22.00 -0.0460337
8 23.00 -0.0508822
8 24.00 -0.0555047
8 25.00 -0.0598633
8 26.00 -0.0640943
8 27.00 -0.0681863
8 28.00 -0.0722442
8 29.00 -0.0762408
8 30.00 -0.080212
8 31.00 -0.0838785
8 32.00 -0.0870579
8 33.00 -0.089423
8 34.00 -0.0906348
8 35.00 -0.0906011
8 36.00 -0.0891153
8 37.00 -0.0863728
8 38.00 -0.0825745
8 39.00 -0.0780693
8 40.00 -0.073261
8 41.00 -0.0686796
8 42.00 -0.0646388
8 43.00 -0.0612609
8 44.00 -0.0586742
8 45.00 -0.0568643
8 46.00 -0.0558376
8 47.00 -0.0554576
8 48.00 -0.055677
8 49.00 -0.0564429
8 50.00 -0.0578129
8 51.00 -0.0599869
8 52.00 -0.0630816
8 53.00 -0.0670671
8 54.00 -0.0722297
8 55.00 -0.0784038
8 56.00 -0.0853818
8 57.00 -0.0929394
8 58.00 -0.100919
8 59.00 -0.108737
8 60.00 -0.116293
8 61.00 -0.123022
8 62.00 -0.128899
8 63.00 -0.134185
8 64.00 -0.138531
8 65.00 -0.142253
8 66.00 -0.145779
8 67.00 -0.149475
8 68.00 -0.15305
8 69.00 -0.156641
8 70.00 -0.160531
8 71.00 -0.164212
8 72.00 -0.167643
8 73.00 -0.170385
8 74.00 -0.172341
8 75.00 -0.173042
8 76.00 -0.173338
8 77.00 -0.172791
8 78.00 -0.172052
8 79.00 -0.171595
8 80.00 -0.171808
8 81.00 -0.173263
8 82.00 -0.176418
8 83.00 -0.181442
8 84.00 -0.188406
8 85.00 -0.196395
8 86.00 -0.205276
8 87.00 -0.21401
8 88.00 -0.221737
8 89.00 -0.22778
8 90.00 -0.230844
8 91.00 -0.231029
8 92.00 -0.227994
8 93.00 -0.221903
8 94.00 -0.212928
8 95.00 -0.202645
8 96.00 -0.19108
8 97.00 -0.178638
8 98.00 -0.167207
8 99.00 -0.156178
8 100.00 -0.146364
8 101.00 -0.138303
8 102.00 -0.130973
8 103.00 -0.123967
8 104.00 -0.117321
8 105.00 -0.110322
8 106.00 -0.102208
8 107.00 -0.0924
8 108.00 -0.0814728
8 109.00 -0.068714
8 110.00 -0.055032
8 111.00 -0.0400593
8 112.00 -0.024872
8 113.00 -0.00939986
8 114.00 0.00573066
8 115.00 0.0199147
8 116.00 0.0325433
8 117.00 0.0436927
8 118.00 0.0527056
8 119.00 0.0596282
8 120.00 0.0647986
8 121.00 0.0679034
8 122.00 0.069255
8 123.00 0.0692308
8 124.00 0.068158
8 125.00 0.0663871
8 126.00 0.0639636
8 127.00 0.0612316
8 128.00 0.0585144
8 129.00 0.0561798
8 130.00 0.0538543
8 131.00 0.0518885
8 132.00 0.0499292
8 133.00 0.0475852
8 134.00 0.0455678
8 135.00 0.042796
8 136.00 0.04
8 137.00 0.0364546
8 138.00 0.0325349
8 139.00 0.0282546
8 140.00 0.0232558
8 141.00 0.0179083
8 142.00 0.0118322
8 143.00 0.00502513
8 144.00 -0.00251618
8 145.00 -0.0104354
8 146.00 -0.0187118
8 147.00 -0.0276978
8 148.00 -0.0366643
8 149.00 -0.045944
8 150.00 -0.0559541
8 151.00 -0.0659735
8 152.00 -0.0768126
8 153.00 -0.0884892
8 154.00 -0.101481
8 155.00 -0.115385
8 156.00 -0.130292
8 157.00 -0.146162
8 158.00 -0.161863
8 159.00 -0.177215
8 160.00 -0.191513
8 161.00 -0.203267
8 162.00 -0.212355
8 163.00 -0.218232
8 164.00 -0.219473
8 165.00 -0.216023
8 166.00 -0.206342
8 167.00 -0.190668
8 168.00 -0.167506
8 169.00 -0.138609
8 170.00 -0.106667
8 171.00 -0.0757005
8 172.00 -0.0489858
8 173.00 -0.0291695
8 174.00 -0.015873
8 175.00 -0.0078933
8 176.00 -0.00343558
8 177.00 -0.00135105
8 178.00 -0.000422476
8 179.00 0
8 180.00 0
9 0.00 0
9 1.00 -8.63176e-05
9 2.00 -0.000347286
9 3.00 -0.000782271
9 4.00 -0.00139173
9 5.00 -0.00217725
9 6.00 -0.00313396
9 7.00 -0.00425642
9 8.00 -0.00552478
9 9.00 -0.00691326
9 10.00 -0.00838424
9 11.00 -0.00988193
9 12.00 -0.0113432
9 13.00 -0.0127219
9 14.00 -0.0139962
9 15.00 -0.0152007
9 16.00 -0.0164396
9 17.00 -0.0178642
9 18.00 -0.0197046
9 19.00 -0.0221159
9 20.00 -0.0252421
9 21.00 -0.0291114
9 22.00 -0.033584
9 23.00 -0.0384008
9 24.00 -0.0431105
9 25.00 -0.0471132
9 26.00 -0.0498634
9 27.00 -0.0508021
9 28.00 -0.0495607
9 29.00 -0.0461458
9 30.00 -0.0408716
9 31.00 -0.0342629
9 32.00 -0.0272117
9 33.00 -0.0205467
9 34.00 -0.0150449
9 35.00 -0.0112587
9 36.00 -0.00941817
9 37.00 -0.00960705
9 38.00 -0.0115304
9 39.00 -0.0146876
9 40.00 -0.0185799
9 41.00 -0.0227865
9 42.00 -0.0268139
9 43.00 -0.0305302
9 44.00 -0.0339759
9 45.00 -0.0374028
9 46.00 -0.0411102
9 47.00 -0.0454545
9 48.00 -0.0505155
9 49.00 -0.0567512
9 50.00 -0.0638029
9 51.00 -0.0714855
9 52.00 -0.0795582
9 53.00 -0.0874301
9 54.00 -0.0948249
9 55.00 -0.101402
9 56.00 -0.106843
9 57.00 -0.111412
9 58.00 -0.114794
9 59.00 -0.117565
9 60.00 -0.119858
9 61.00 -0.121631
9 62.00 -0.122759
9 63.00 -0.123915
9 64.00 -0.124589
9 65.00 -0.125
9 66.00 -0.125589
9 67.00 -0.12616
9 68.00 -0.127273
9 69.00 -0.129665
9 70.00 -0.132828
9 71.00 -0.13786
9 72.00 -0.144231
9 73.00 -0.152086
9 74.00 -0.161069
9 75.00 -0.170213
9 76.00 -0.17931
9 77.00 -0.1875
9 78.00 -0.194361
9 79.00 -0.199214
9 80.00 -0.201516
9 81.00 -0.201181
9 82.00 -0.198523
9 83.00 -0.193715
9 84.00 -0.186965
9 85.00 -0.178968
9 86.00 -0.170171
9 87.00 -0.160891
9 88.00 -0.151227
9 89.00 -0.142713
9 90.00 -0.135204
9 91.00 -0.128271
9 92.00 -0.122942
9 93.00 -0.118766
9 94.00 -0.116231
9 95.00 -0.113879
9 96.00 -0.112676
9 97.00 -0.111663
9 98.00 -0.110948
9 99.00 -0.110471
9 100.00 -0.109854
9 101.00 -0.109621
9 102.00 -0.108844
9 103.00 -0.108048
9 104.00 -0.106754
9 105.00 -0.104611
9 106.00 -0.102049
9 107.00 -0.0983204
9 108.00 -0.0934992
9 109.00 -0.0875884
9 110.00 -0.0799385
9 111.00 -0.0710526
9 112.00 -0.0606841
9 113.00 -0.0496582
9 114.00 -0.0373371
9 115.00 -0.0244997
9 116.00 -0.0111675
9 117.00 0.00199534
9 118.00 0.0150671
9 119.00 0.0278137
9 120.00 0.0397054
9 121.00 0.0508906
9 122.00 0.0611727
9 123.00 0.0702977
9 124.00 0.0780705
9 125.00 0.0844756
9 126.00 0.0891597
9 127.00 0.092084
9 128.00 0.093099
9 129.00 0.0925197
9 130.00 0.0905187
9 131.00 0.08713
9 132.00 0.0823018
9 133.00 0.0766902
9 134.00 0.0703178
9 135.00 0.0632008
9 136.00 0.0556504
9 137.00 0.0473089
9 138.00 0.0381837
9 139.00 0.0282661
9 140.00 0.0179434
9 141.00 0.00758621
9 142.00 -0.00309704
9 143.00 -0.0137268
9 144.00 -0.023948
9 145.00 -0.0337653
9 146.00 -0.0438925
9 147.00 -0.0539715
9 148.00 -0.0643631
9 149.00 -0.0756757
9 150.00 -0.0872054
9 151.00 -0.0995308
9 152.00 -0.111963
9 153.00 -0.124545
9 154.00 -0.136364
9 155.00 -0.147966
9 156.00 -0.158912
9 157.00 -0.169347
9 158.00 -0.179809
9 159.00 -0.189621
9 160.00 -0.199192
9 161.00 -0.208049
9 162.00 -0.215673
9 163.00 -0.221711
9 164.00 -0.225199
9 165.00 -0.224497
9 166.00 -0.218894
9 167.00 -0.206418
9 168.00 -0.186255
9 169.00 -0.157895
9 170.00 -0.123732
9 171.00 -0.0879845
9 172.00 -0.055476
9 173.00 -0.030196
9 174.00 -0.0139047
9 175.00 -0.00475
9 176.00 -0.000444543
9 177.00 0.000805315
9 178.00 0.000560643
9 179.00 0.000178476
9 180.00 0
10 0.00 0
10 1.00 -8.72924e-05
10 2.00 -0.00035097
10 3.00 -0.000789427
10 4.00 -0.00140277
10 5.00 -0.00218048
10 6.00 -0.00310815
10 7.00 -0.00414375
10 8.00 -0.00522231
10 9.00 -0.00623488
10 10.00 -0.00702806
10 11.00 -0.00740081
10 12.00 -0.00715957
10 13.00 -0.00617305
10 14.00 -0.00440813
10 15.00 -0.00200918
10 16.00 0.000768333
10 17.00 0.00361435
10 18.00 0.00619698
10 19.00 0.00830776
10 20.00 0.00967113
10 21.00 0.0101405
10 22.00 0.00961731
10 23.00 0.00827148
10 24.00 0.00628525
10 25.00 0.00407844
10 26.00 0.00212452
10 27.00 0.000876467
10 28.00 0.000560652
10 29.00 0.00122094
10 30.00 0.00275543
10 31.00 0.00474015
10 32.00 0.00680071
10 33.00 0.00851142
10 34.00 0.00938669
10 35.00 0.00926961
10 36.00 0.00791161
10 37.00 0.00538358
10 38.00 0.00154708
10 39.00 -0.00337682
10 40.00 -0.00921327
10 41.00 -0.0158437
10 42.00 -0.0229471
10 43.00 -0.0301266
10 44.00 -0.0368821
10 45.00 -0.0426754
10 46.00 -0.0469595
10 47.00 -0.0495208
10 48.00 -0.0501443
10 49.00 -0.0495125
10 50.00 -0.0482474
10 51.00 -0.0471314
10 52.00 -0.0473941
10 53.00 -0.049759
10 54.00 -0.0544084
10 55.00 -0.0615278
10 56.00 -0.0705561
10 57.00 -0.0803846
10 58.00 -0.0902271
10 59.00 -0.0991029
10 60.00 -0.106517
10 61.00 -0.112633
10 62.00 -0.117166
10 63.00 -0.120623
10 64.00 -0.123611
10 65.00 -0.126307
10 66.00 -0.128341
10 67.00 -0.12968
10 68.00 -0.129682
10 69.00 -0.128288
10 70.00 -0.125544
10 71.00 -0.121463
10 72.00 -0.116726
10 73.00 -0.112174
10 74.00 -0.107768
10 75.00 -0.104702
10 76.00 -0.102669
10 77.00 -0.10218
10 78.00 -0.102404
10 79.00 -0.103336
10 80.00 -0.104478
10 81.00 -0.106234
10 82.00 -0.107676
10 83.00 -0.110228
10 84.00 -0.112859
10 85.00 -0.117192
10 86.00 -0.122827
10 87.00 -0.130312
10 88.00 -0.139031
10 89.00 -0.149543
10 90.00 -0.160684
10 91.00 -0.171202
10 92.00 -0.180438
10 93.00 -0.186215
10 94.00 -0.1887
10 95.00 -0.186926
10 96.00 -0.180659
10 97.00 -0.170324
10 98.00 -0.157004
10 99.00 -0.14149
10 100.00 -0.125308
10 101.00 -0.109073
10 102.00 -0.0942063
10 103.00 -0.0806599
10 104.00 -0.0689502
10 105.00 -0.0590009
10 106.00 -0.049542
10 107.00 -0.0406602
10 108.00 -0.0319439
10 109.00 -0.0226672
10 110.00 -0.0132256
10 111.00 -0.0035868
10 112.00 0.0059712
10 113.00 0.0151881
10 114.00 0.0241497
10 115.00 0.0322472
10 116.00 0.0395349
10 117.00 0.0457237
10 118.00 0.0514993
10 119.00 0.0562561
10 120.00 0.0603144
10 121.00 0.0637349
10 122.00 0.0662231
10 123.00 0.0675079
10 124.00 0.0679032
10 125.00 0.0674193
10 126.00 0.0658101
10 127.00 0.0633427
10 128.00 0.0603774
10 129.00 0.0565204
10 130.00 0.0524309
10 131.00 0.0476953
10 132.00 0.0419626
10 133.00 0.0354818
10 134.00 0.0279054
10 135.00 0.0198478
10 136.00 0.010989
10 137.00 0.00167504
10 138.00 -0.00707547
10 139.00 -0.0159268
10 140.00 -0.024199
10 141.00 -0.0325677
10 142.00 -0.0406336
10 143.00 -0.0487047
10 144.00 -0.0573799
10 145.00 -0.0658848
10 146.00 -0.0744936
10 147.00 -0.0821684
10 148.00 -0.0896482
10 149.00 -0.095941
10 150.00 -0.101464
10 151.00 -0.107225
10 152.00 -0.112856
10 153.00 -0.11965
10 154.00 -0.127489
10 155.00 -0.136132
10 156.00 -0.14538
10 157.00 -0.154594
10 158.00 -0.163796
10 159.00 -0.172013
10 160.00 -0.179422
10 161.00 -0.186069
10 162.00 -0.191384
10 163.00 -0.195762
10 164.00 -0.198071
10 165.00 -0.198163
10 166.00 -0.194636
10 167.00 -0.185874
10 168.00 -0.170722
10 169.00 -0.147263
10 170.00 -0.116788
10 171.00 -0.0819367
10 172.00 -0.0485166
10 173.00 -0.0218285
10 174.00 -0.00447803
10 175.00 0.00392157
10 176.00 0.00604099
10 177.00 0.00482998
10 178.00 0.00266335
10 179.00 0.000673854
10 180.00 0
11 0.00 0
11 1.00 -0.000108547
11 2.00 -0.000432528
11 3.00 -0.000964336
11 4.00 -0.00168412
11 5.00 -0.00255349
11 6.00 -0.00349846
11 7.00 -0.00439603
11 8.00 -0.00505071
11 9.00 -0.00520715
11 10.00 -0.00458412
11 11.00 -0.00296433
11 12.00 -0.000358565
11 13.00 0.00293116
11 14.00 0.00633895
11 15.00 0.0092309
11 16.00 0.0111445
11 17.00 0.0118871
11 18.00 0.0115753
11 19.00 0.0105965
11 20.00 0.00953459
11 21.00 0.00898802
11 22.00 0.00926264
11 23.00 0.0104424
11 24.00 0.0122592
11 25.00 0.0143095
11 26.00 0.016178
11 27.00 0.0177021
11 28.00 0.0186435
11 29.00 0.0190838
11 30.00 0.0191788
11 31.00 0.0190626
11 32.00 0.0190127
11 33.00 0.0191137
11 34.00 0.0194606
11 35.00 0.01984
11 36.00 0.0201315
11 37.00 0.0197634
11 38.00 0.0184181
11 39.00 0.0156226
11 40.00 0.0111239
11 41.00 0.00487932
11 42.00 -0.00295312
11 43.00 -0.0117405
11 44.00 -0.0208506
11 45.00 -0.0295702
11 46.00 -0.0370112
11 47.00 -0.0430663
11 48.00 -0.0474149
11 49.00 -0.0505203
11 50.00 -0.0531547
11 51.00 -0.0558583
11 52.00 -0.0595806
11 53.00 -0.0645
11 54.00 -0.0709666
11 55.00 -0.0788557
11 56.00 -0.0871657
11 57.00 -0.095315
11 58.00 -0.101885
11 59.00 -0.105835
11 60.00 -0.105983
11 61.00 -0.102297
11 62.00 -0.0943396
11 63.00 -0.0836164
11 64.00 -0.0710798
11 65.00 -0.059205
11 66.00 -0.0496329
11 67.00 -0.043585
11 68.00 -0.042471
11 69.00 -0.0463621
11 70.00 -0.0541503
11 71.00 -0.0648912
11 72.00 -0.0764381
11 73.00 -0.0870103
11 74.00 -0.0949721
11 75.00 -0.0997773
11 76.00 -0.102069
11 77.00 -0.103073
11 78.00 -0.104268
11 79.00 -0.106362
11 80.00 -0.110545
11 81.00 -0.116388
11 82.00 -0.12246
11 83.00 -0.129244
11 84.00 -0.13509
11 85.00 -0.138444
11 86.00 -0.139277
11 87.00 -0.137197
11 88.00 -0.132855
11 89.00 -0.126659
11 90.00 -0.119466
11 91.00 -0.112462
11 92.00 -0.105711
11 93.00 -0.100423
11 94.00 -0.0965228
11 95.00 -0.0940272
11 96.00 -0.0928074
11 97.00 -0.091629
11 98.00 -0.090011
11 99.00 -0.0870027
11 100.00 -0.0828645
11 101.00 -0.0768852
11 102.00 -0.0689163
11 103.00 -0.0597152
11 104.00 -0.0503117
11 105.00 -0.0407279
11 106.00 -0.0317259
11 107.00 -0.0244408
11 108.00 -0.0190824
11 109.00 -0.0155193
11 110.00 -0.0140187
11 111.00 -0.013683
11 112.00 -0.0133087
11 113.00 -0.0114819
11 114.00 -0.00764951
11 115.00 -0.00168577
11 116.00 0.00721075
11 117.00 0.0179143
11 118.00 0.0298086
11 119.00 0.0420792
11 120.00 0.0536645
11 121.00 0.0641221
11 122.00 0.0726274
11 123.00 0.0788509
11 124.00 0.0830779
11 125.00 0.085257
11 126.00 0.0856524
11 127.00 0.0845245
11 128.00 0.0821362
11 129.00 0.0781544
11 130.00 0.072601
11 131.00 0.0660108
11 132.00 0.0584291
11 133.00 0.0498072
11 134.00 0.0407767
11 135.00 0.0306488
11 136.00 0.020046
11 137.00 0.00795492
11 138.00 -0.00501337
11 139.00 -0.0195418
11 140.00 -0.0349745
11 141.00 -0.050975
11 142.00 -0.0664829
11 143.00 -0.081484
11 144.00 -0.0958856
11 145.00 -0.109282
11 146.00 -0.122499
11 147.00 -0.135439
11 148.00 -0.1482
11 149.00 -0.160417
11 150.00 -0.171773
11 151.00 -0.180982
11 152.00 -0.187858
11 153.00 -0.192462
11 154.00 -0.19558
11 155.00 -0.197458
11 156.00 -0.199421
11 157.00 -0.201587
11 158.00 -0.204396
11 159.00 -0.207735
11 160.00 -0.21092
11 161.00 -0.213724
11 162.00 -0.214995
11 163.00 -0.21452
11 164.00 -0.211506
11 165.00 -0.205236
11 166.00 -0.195183
11 167.00 -0.180745
11 168.00 -0.160075
11 169.00 -0.132824
11 170.00 -0.0992366
11 171.00 -0.0620097
11 172.00 -0.0262411
11 173.00 0.00194995
11 174.00 0.0179087
11 175.00 0.0224464
11 176.00 0.0193662
11 177.00 0.012863
11 178.00 0.00620677
11 179.00 0.00167084
11 180.00 0
12 0.00 0
12 1.00 -0.000158514
12 2.00 -0.000629303
12 3.00 -0.0013961
12 4.00 -0.00242214
12 5.00 -0.0036364
12 6.00 -0.00491493
12 7.00 -0.00605706
12 8.00 -0.00678569
12 9.00 -0.00677849
12 10.00 -0.00579398
12 11.00 -0.00385025
12 12.00 -0.00131909
12 13.00 0.00114595
12 14.00 0.00296331
12 15.00 0.00387762
12 16.00 0.00418021
12 17.00 0.00455242
12 18.00 0.00582515
12 19.00 0.00868925
12 20.00 0.0131793
12 21.00 0.0188103
12 22.00 0.0247712
12 23.00 0.0303602
12 24.00 0.0349736
12 25.00 0.0384484
12 26.00 0.0406919
12 27.00 0.0418713
12 28.00 0.0422569
12 29.00 0.0420712
12 30.00 0.0413931
12 31.00 0.0402384
12 32.00 0.0383671
12 33.00 0.035554
12 34.00 0.0314351
12 35.00 0.0257502
12 36.00 0.0184663
12 37.00 0.00957654
12 38.00 -0.000318142
12 39.00 -0.0106608
12 40.00 -0.0207846
12 41.00 -0.0300105
12 42.00 -0.03769
12 43.00 -0.0438042
12 44.00 -0.0484308
12 45.00 -0.0517507
12 46.00 -0.054448
12 47.00 -0.0570158
12 48.00 -0.0596236
12 49.00 -0.0621657
12 50.00 -0.0644621
12 51.00 -0.065927
12 52.00 -0.0661353
12 53.00 -0.0644183
12 54.00 -0.0607931
12 55.00 -0.0554688
12 56.00 -0.0493802
12 57.00 -0.0434599
12 58.00 -0.0387733
12 59.00 -0.0360073
12 60.00 -0.0356888
12 61.00 -0.0381546
12 62.00 -0.0425085
12 63.00 -0.048396
12 64.00 -0.055102
12 65.00 -0.0610429
12 66.00 -0.0655949
12 67.00 -0.068815
12 68.00 -0.0708551
12 69.00 -0.0724375
12 70.00 -0.0744081
12 71.00 -0.0780945
12 72.00 -0.0834011
12 73.00 -0.0901361
12 74.00 -0.0980392
12 75.00 -0.10482
12 76.00 -0.108984
12 77.00 -0.110082
12 78.00 -0.106874
12 79.00 -0.100615
12 80.00 -0.0927536
12 81.00 -0.0844817
12 82.00 -0.0783951
12 83.00 -0.0747782
12 84.00 -0.075227
12 85.00 -0.0779907
12 86.00 -0.0830543
12 87.00 -0.089129
12 88.00 -0.0947867
12 89.00 -0.1
12 90.00 -0.102754
12 91.00 -0.104458
12 92.00 -0.104674
12 93.00 -0.103314
12 94.00 -0.100577
12 95.00 -0.0976686
12 96.00 -0.0933828
12 97.00 -0.0883777
12 98.00 -0.0815121
12 99.00 -0.073521
12 100.00 -0.0651811
12 101.00 -0.0559742
12 102.00 -0.0466563
12 103.00 -0.0378298
12 104.00 -0.0300143
12 105.00 -0.0227376
12 106.00 -0.0151712
12 107.00 -0.00661157
12 108.00 0.00394945
12 109.00 0.0162941
12 110.00 0.0303473
12 111.00 0.0458585
12 112.00 0.0616081
12 113.00 0.0762101
12 114.00 0.0884956
12 115.00 0.0971564
12 116.00 0.101786
12 117.00 0.102547
12 118.00 0.0999668
12 119.00 0.0961286
12 120.00 0.092084
12 121.00 0.0899841
12 122.00 0.0892578
12 123.00 0.0903745
12 124.00 0.0921942
12 125.00 0.0935296
12 126.00 0.0931734
12 127.00 0.0900371
12 128.00 0.0842434
12 129.00 0.0759055
12 130.00 0.06548
12 131.00 0.0541667
12 132.00 0.0420032
12 133.00 0.0299479
12 134.00 0.0183727
12 135.00 0.00661594
12 136.00 -0.0046729
12 137.00 -0.0158409
12 138.00 -0.0269074
12 139.00 -0.0375215
12 140.00 -0.0486957
12 141.00 -0.0603721
12 142.00 -0.0721358
12 143.00 -0.0839559
12 144.00 -0.0957485
12 145.00 -0.106055
12 146.00 -0.11526
12 147.00 -0.122618
12 148.00 -0.12945
12 149.00 -0.13563
12 150.00 -0.142143
12 151.00 -0.149238
12 152.00 -0.156195
12 153.00 -0.162734
12 154.00 -0.168324
12 155.00 -0.172764
12 156.00 -0.17649
12 157.00 -0.180073
12 158.00 -0.184555
12 159.00 -0.189566
12 160.00 -0.1944
12 161.00 -0.19794
12 162.00 -0.199221
12 163.00 -0.19683
12 164.00 -0.190315
12 165.00 -0.179157
12 166.00 -0.164575
12 167.00 -0.147156
12 168.00 -0.127469
12 169.00 -0.105816
12 170.00 -0.0810912
12 171.00 -0.0538462
12 172.00 -0.0259467
12 173.00 -0.00195122
12 174.00 0.0140105
12 175.00 0.019954
12 176.00 0.0182466
12 177.00 0.0125269
12 178.00 0.00618593
12 179.00 0.0016559
12 180.00 0
13 0.00 0
13 1.00 -2.86158e-05
13 2.00 -0.000114748
13 3.00 -0.000259711
13 4.00 -0.000463028
13 5.00 -0.000722621
13 6.00 -0.00103124
13 7.00 -0.00136505
13 8.00 -0.00168228
13 9.00 -0.00190076
13 10.00 -0.00187498
13 11.00 -0.00138839
13 12.00 -0.000139565
13 13.00 0.00228733
13 14.00 0.00636299
13 15.00 0.0124865
13 16.00 0.0207453
13 17.00 0.0306299
13 18.00 0.0410546
13 19.00 0.0507657
13 20.00 0.058758
13 21.00 0.0645474
13 22.00 0.0681469
13 23.00 0.0698247
13 24.00 0.069888
13 25.00 0.0687857
13 26.00 0.0667507
13 27.00 0.0638144
13 28.00 0.059891
13 29.00 0.0547229
13 30.00 0.0481002
13 31.00 0.039962
13 32.00 0.0306135
13 33.00 0.020534
13 34.00 0.0106542
13 35.00 0.00188133
13 36.00 -0.00500462
13 37.00 -0.00955726
13 38.00 -0.0115697
13 39.00 -0.0116374
13 40.00 -0.0103083
13 41.00 -0.00860516
13 42.00 -0.00755826
13 43.00 -0.00762262
13 44.00 -0.00934143
13 45.00 -0.012641
13 46.00 -0.0171391
13 47.00 -0.0218549
13 48.00 -0.0257778
13 49.00 -0.0278253
13 50.00 -0.0274903
13 51.00 -0.0254053
13 52.00 -0.0225745
13 53.00 -0.0204736
13 54.00 -0.0207292
13 55.00 -0.0244281
13 56.00 -0.0313076
13 57.00 -0.0403646
13 58.00 -0.0501957
13 59.00 -0.0577345
13 60.00 -0.0612349
13 61.00 -0.0599893
13 62.00 -0.0551993
13 63.00 -0.0487098
13 64.00 -0.0432547
13 65.00 -0.0409264
13 66.00 -0.0432161
13 67.00 -0.0501779
13 68.00 -0.0602958
13 69.00 -0.0719774
13 70.00 -0.0821152
13 71.00 -0.0895455
13 72.00 -0.0926014
13 73.00 -0.0925834
13 74.00 -0.089876
13 75.00 -0.0864923
13 76.00 -0.0837004
13 77.00 -0.0828134
13 78.00 -0.0835769
13 79.00 -0.0854907
13 80.00 -0.0873606
13 81.00 -0.088648
13 82.00 -0.0884666
13 83.00 -0.0873656
13 84.00 -0.0852234
13 85.00 -0.0820477
13 86.00 -0.0791162
13 87.00 -0.0743682
13 88.00 -0.0691916
13 89.00 -0.0629115
13 90.00 -0.0562865
13 91.00 -0.0501818
13 92.00 -0.0446364
13 93.00 -0.0411348
13 94.00 -0.0389159
13 95.00 -0.0385917
13 96.00 -0.0394477
13 97.00 -0.0400254
13 98.00 -0.0398284
13 99.00 -0.0371681
13 100.00 -0.0323496
13 101.00 -0.0251229
13 102.00 -0.0152471
13 103.00 -0.00456158
13 104.00 0.00733855
13 105.00 0.0189125
13 106.00 0.0297483
13 107.00 0.0394854
13 108.00 0.0469423
13 109.00 0.0518395
13 110.00 0.0539116
13 111.00 0.0529619
13 112.00 0.0500189
13 113.00 0.0468007
13 114.00 0.0448288
13 115.00 0.0454856
13 116.00 0.0496832
13 117.00 0.057377
13 118.00 0.0676863
13 119.00 0.078853
13 120.00 0.0883706
13 121.00 0.0943208
13 122.00 0.0949664
13 123.00 0.0898042
13 124.00 0.0810263
13 125.00 0.0704462
13 126.00 0.0614618
13 127.00 0.0558843
13 128.00 0.053816
13 129.00 0.0549772
13 130.00 0.0577488
13 131.00 0.0601974
13 132.00 0.0605859
13 133.00 0.0570175
13 134.00 0.0495896
13 135.00 0.0377293
13 136.00 0.0223933
13 137.00 0.00494525
13 138.00 -0.0135521
13 139.00 -0.0324091
13 140.00 -0.0498726
13 141.00 -0.0666667
13 142.00 -0.0824012
13 143.00 -0.0980762
13 144.00 -0.113524
13 145.00 -0.129367
13 146.00 -0.144894
13 147.00 -0.158951
13 148.00 -0.170966
13 149.00 -0.179517
13 150.00 -0.185665
13 151.00 -0.18972
13 152.00 -0.1935
13 153.00 -0.197422
13 154.00 -0.202247
13 155.00 -0.207487
13 156.00 -0.212632
13 157.00 -0.217301
13 158.00 -0.220779
13 159.00 -0.223876
13 160.00 -0.225277
13 161.00 -0.225893
13 162.00 -0.224005
13 163.00 -0.219405
13 164.00 -0.211891
13 165.00 -0.201498
13 166.00 -0.188679
13 167.00 -0.17433
13 168.00 -0.157874
13 169.00 -0.138289
13 170.00 -0.11311
13 171.00 -0.0808795
13 172.00 -0.0436747
13 173.00 -0.0073478
13 174.00 0.0191583
13 175.00 0.0309504
13 176.00 0.029502
13 177.00 0.0207222
13 178.00 0.0104472
13 179.00 0.00272712
13 180.00 0
14 0.00 0
14 1.00 -8.59841e-05
14 2.00 -0.000342633
14 3.00 -0.00076823
14 4.00 -0.00134876
14 5.00 -0.00204402
14 6.00 -0.00276098
14 7.00 -0.00330083
14 8.00 -0.00333062
14 9.00 -0.00239952
14 10.00 -0.000103595
14 11.00 0.00370555
14 12.00 0.00882187
14 13.00 0.0147913
14 14.00 0.0210476
14 15.00 0.0269422
14 16.00 0.0320192
14 17.00 0.0361662
14 18.00 0.0399488
14 19.00 0.0441579
14 20.00 0.0493604
14 21.00 0.0555036
14 22.00 0.0617555
14 23.00 0.0668659
14 24.00 0.0696178
14 25.00 0.0692914
14 26.00 0.0655595
14 27.00 0.0586737
14 28.00 0.049199
14 29.00 0.0381784
14 30.00 0.0270071
14 31.00 0.0173607
14 32.00 0.0106211
14 33.00 0.00750482
14 34.00 0.00809392
14 35.00 0.0113829
14 36.00 0.0160104
14 37.00 0.0200323
14 38.00 0.0217643
14 39.00 0.0204158
14 40.00 0.015759
14 41.00 0.00849527
14 42.00 0.000339597
14 43.00 -0.00673401
14 44.00 -0.0108957
14 45.00 -0.0113591
14 46.00 -0.00832083
14 47.00 -0.00392487
14 48.00 -0.000432588
14 49.00 0.000597193
14 50.00 -0.00187237
14 51.00 -0.00757202
14 52.00 -0.015035
14 53.00 -0.0219576
14 54.00 -0.0256917
14 55.00 -0.0246347
14 56.00 -0.0197498
14 57.00 -0.0128765
14 58.00 -0.00747528
14 59.00 -0.0071048
14 60.00 -0.0131508
14 61.00 -0.0253561
14 62.00 -0.0418182
14 63.00 -0.0585774
14 64.00 -0.0715259
14 65.00 -0.0789096
14 66.00 -0.0797592
14 67.00 -0.0754717
14 68.00 -0.0692907
14 69.00 -0.0623399
14 70.00 -0.0559503
14 71.00 -0.0497925
14 72.00 -0.0430416
14 73.00 -0.0357143
14 74.00 -0.0267903
14 75.00 -0.0177039
14 76.00 -0.010084
14 77.00 -0.00528479
14 78.00 -0.00493523
14 79.00 -0.00907323
14 80.00 -0.0163043
14 81.00 -0.0262598
14 82.00 -0.0361091
14 83.00 -0.0447988
14 84.00 -0.0505051
14 85.00 -0.0536278
14 86.00 -0.054849
14 87.00 -0.0541833
14 88.00 -0.0508744
14 89.00 -0.0458136
14 90.00 -0.0391543
14 91.00 -0.0294345
14 92.00 -0.0183486
14 93.00 -0.0060241
14 94.00 0.00592154
14 95.00 0.0166909
14 96.00 0.0248051
14 97.00 0.0296552
14 98.00 0.0300802
14 99.00 0.027724
14 100.00 0.0235294
14 101.00 0.0189573
14 102.00 0.0152542
14 103.00 0.0123789
14 104.00 0.0117949
14 105.00 0.0127202
14 106.00 0.0159176
14 107.00 0.0211141
14 108.00 0.028102
14 109.00 0.0367279
14 110.00 0.0468876
14 111.00 0.0581076
14 112.00 0.0700344
14 113.00 0.0815868
14 114.00 0.0921101
14 115.00 0.10018
14 116.00 0.105524
14 117.00 0.107441
14 118.00 0.106753
14 119.00 0.105351
14 120.00 0.104571
14 121.00 0.106341
14 122.00 0.110571
14 123.00 0.117244
14 124.00 0.123547
14 125.00 0.126402
14 126.00 0.122257
14 127.00 0.109531
14 128.00 0.0885848
14 129.00 0.0631769
14 130.00 0.0377155
14 131.00 0.0167379
14 132.00 0.00212014
14 133.00 -0.00634249
14 134.00 -0.0106082
14 135.00 -0.0132049
14 136.00 -0.0173473
14 137.00 -0.0241758
14 138.00 -0.0344955
14 139.00 -0.0483327
14 140.00 -0.0646014
14 141.00 -0.0821605
14 142.00 -0.0999617
14 143.00 -0.116988
14 144.00 -0.132943
14 145.00 -0.14736
14 146.00 -0.160494
14 147.00 -0.172428
14 148.00 -0.183731
14 149.00 -0.192933
14 150.00 -0.200813
14 151.00 -0.206742
14 152.00 -0.211422
14 153.00 -0.21443
14 154.00 -0.217113
14 155.00 -0.218577
14 156.00 -0.218762
14 157.00 -0.216992
14 158.00 -0.213614
14 159.00 -0.20858
14 160.00 -0.203791
14 161.00 -0.199495
14 162.00 -0.19598
14 163.00 -0.191643
14 164.00 -0.184509
14 165.00 -0.173538
14 166.00 -0.15814
14 167.00 -0.140104
14 168.00 -0.121024
14 169.00 -0.102639
14 170.00 -0.0831245
14 171.00 -0.0592805
14 172.00 -0.0293542
14 173.00 0.00327749
14 174.00 0.0294503
14 175.00 0.0418565
14 176.00 0.0392109
14 177.00 0.0274403
14 178.00 0.0137012
14 179.00 0.00358913
14 180.00 0
15 0.00 0
15 1.00 -1.42105e-05
15 2.00 -5.9865e-05
15 3.00 -0.000149664
15 4.00 -0.0003002
15 5.00 -0.000528195
15 6.00 -0.00083127
15 7.00 -0.00116379
15 8.00 -0.00138645
15 9.00 -0.00126384
15 10.00 -0.000511942
15 11.00 0.00113184
15 12.00 0.00391094
15 13.00 0.00810164
15 14.00 0.0138715
15 15.00 0.0211449
15 16.00 0.02928
15 17.00 0.0373571
15 18.00 0.0443957
15 19.00 0.0497798
15 20.00 0.0531434
15 21.00 0.0545412
15 22.00 0.0542055
15 23.00 0.0526375
15 24.00 0.0504885
15 25.00 0.0481979
15 26.00 0.0460557
15 27.00 0.0439647
15 28.00 0.0415963
15 29.00 0.0385157
15 30.00 0.0346271
15 31.00 0.030119
15 32.00 0.0255058
15 33.00 0.0214713
15 34.00 0.0181372
15 35.00 0.0153628
15 36.00 0.0125902
15 37.00 0.00951868
15 38.00 0.006247
15 39.00 0.00378362
15 40.00 0.00311895
15 41.00 0.00524086
15 42.00 0.00959671
15 43.00 0.014908
15 44.00 0.0191849
15 45.00 0.0209437
15 46.00 0.019509
15 47.00 0.0145604
15 48.00 0.00722714
15 49.00 -0.00143107
15 50.00 -0.00957592
15 51.00 -0.0160789
15 52.00 -0.0211199
15 53.00 -0.0253268
15 54.00 -0.0300623
15 55.00 -0.0363349
15 56.00 -0.0434473
15 57.00 -0.0504874
15 58.00 -0.0555117
15 59.00 -0.0566925
15 60.00 -0.0539913
15 61.00 -0.0480828
15 62.00 -0.0401658
15 63.00 -0.0323981
15 64.00 -0.0252013
15 65.00 -0.0179685
15 66.00 -0.011141
15 67.00 -0.00362319
15 68.00 0.00295359
15 69.00 0.00752545
15 70.00 0.00791434
15 71.00 0.00245339
15 72.00 -0.00880373
15 73.00 -0.0246171
15 74.00 -0.0409694
15 75.00 -0.055252
15 76.00 -0.0649268
15 77.00 -0.068484
15 78.00 -0.0662983
15 79.00 -0.06
15 80.00 -0.0514328
15 81.00 -0.0406321
15 82.00 -0.0284397
15 83.00 -0.0133438
15 84.00 0.00240577
15 85.00 0.0180328
15 86.00 0.0310142
15 87.00 0.0384615
15 88.00 0.0390286
15 89.00 0.0349345
15 90.00 0.0261324
15 91.00 0.0163652
15 92.00 0.00760135
15 93.00 0.000823045
15 94.00 -0.00478469
15 95.00 -0.00847458
15 96.00 -0.0111276
15 97.00 -0.0114123
15 98.00 -0.00890411
15 99.00 -0.00262467
15 100.00 0.00753769
15 101.00 0.0216086
15 102.00 0.0383954
15 103.00 0.0546747
15 104.00 0.0704225
15 105.00 0.0835821
15 106.00 0.0935423
15 107.00 0.101633
15 108.00 0.107779
15 109.00 0.112829
15 110.00 0.117077
15 111.00 0.120392
15 112.00 0.121746
15 113.00 0.121667
15 114.00 0.120237
15 115.00 0.117776
15 116.00 0.11498
15 117.00 0.112595
15 118.00 0.110831
15 119.00 0.109235
15 120.00 0.106925
15 121.00 0.102573
15 122.00 0.0964539
15 123.00 0.0890603
15 124.00 0.0823529
15 125.00 0.0783978
15 126.00 0.0784447
15 127.00 0.082046
15 128.00 0.0869413
15 129.00 0.0892153
15 130.00 0.085177
15 131.00 0.0717794
15 132.00 0.0490798
15 133.00 0.0211701
15 134.00 -0.00574493
15 135.00 -0.0273452
15 136.00 -0.0415565
15 137.00 -0.0491679
15 138.00 -0.0533944
15 139.00 -0.0561146
15 140.00 -0.0602362
15 141.00 -0.0673077
15 142.00 -0.0772358
15 143.00 -0.0891537
15 144.00 -0.102277
15 145.00 -0.115321
15 146.00 -0.127668
15 147.00 -0.138526
15 148.00 -0.149279
15 149.00 -0.159761
15 150.00 -0.170176
15 151.00 -0.181466
15 152.00 -0.192854
15 153.00 -0.203942
15 154.00 -0.213497
15 155.00 -0.222036
15 156.00 -0.227759
15 157.00 -0.231142
15 158.00 -0.231467
15 159.00 -0.227833
15 160.00 -0.221677
15 161.00 -0.213383
15 162.00 -0.204637
15 163.00 -0.195884
15 164.00 -0.186642
15 165.00 -0.175266
15 166.00 -0.161303
15 167.00 -0.145254
15 168.00 -0.129046
15 169.00 -0.114423
15 170.00 -0.099734
15 171.00 -0.0812473
15 172.00 -0.0540426
15 173.00 -0.0180578
15 174.00 0.0178897
15 175.00 0.04032
15 176.00 0.0434545
15 177.00 0.0326493
15 178.00 0.0169422
15 179.00 0.00448682
15 180.00 0
