2 0.00 0
2 1.00 6.74545e-05
2 2.00 0.000283876
2 3.00 0.000637452
2 4.00 0.00113094
2 5.00 0.00176824
2 6.00 0.0025544
2 7.00 0.0034817
2 8.00 0.00454322
2 9.00 0.00573241
2 10.00 0.00708668
2 11.00 0.00855812
2 12.00 0.0101861
2 13.00 0.0119372
2 14.00 0.0138378
2 15.00 0.0158695
2 16.00 0.0180287
2 17.00 0.0203273
2 18.00 0.0227621
2 19.00 0.0253296
2 20.00 0.0280249
2 21.00 0.0308605
2 22.00 0.0338121
2 23.00 0.0368919
2 24.00 0.040091
2 25.00 0.0434185
2 26.00 0.0468652
2 27.00 0.0504178
2 28.00 0.0541054
2 29.00 0.0578878
2 30.00 0.0617945
2 31.00 0.065779
2 32.00 0.0698922
2 33.00 0.074111
2 34.00 0.0784044
2 35.00 0.0827994
2 36.00 0.0872856
2 37.00 0.0918621
2 38.00 0.0965175
2 39.00 0.101239
2 40.00 0.106051
2 41.00 0.110903
2 42.00 0.115855
2 43.00 0.120845
2 44.00 0.125901
2 45.00 0.131001
2 46.00 0.136168
2 47.00 0.141373
2 48.00 0.146657
2 49.00 0.151941
2 50.00 0.157238
2 51.00 0.162662
2 52.00 0.168053
2 53.00 0.173512
2 54.00 0.178944
2 55.00 0.184482
2 56.00 0.190014
2 57.00 0.195676
2 58.00 0.201297
2 59.00 0.206951
2 60.00 0.212672
2 61.00 0.218482
2 62.00 0.224344
2 63.00 0.230287
2 64.00 0.236244
2 65.00 0.242249
2 66.00 0.248388
2 67.00 0.254691
2 68.00 0.26102
2 69.00 0.267322
2 70.00 0.273979
2 71.00 0.28049
2 72.00 0.287295
2 73.00 0.294171
2 74.00 0.301017
2 75.00 0.308085
2 76.00 0.315209
2 77.00 0.322553
2 78.00 0.329867
2 79.00 0.337319
2 80.00 0.344712
2 81.00 0.352242
2 82.00 0.359692
2 83.00 0.367287
2 84.00 0.375
2 85.00 0.382403
2 86.00 0.389935
2 87.00 0.397144
2 88.00 0.404516
2 89.00 0.411575
2 90.00 0.418527
2 91.00 0.425386
2 92.00 0.432051
2 93.00 0.438475
2 94.00 0.444072
2 95.00 0.450019
2 96.00 0.455403
2 97.00 0.460298
2 98.00 0.465097
2 99.00 0.46912
2 100.00 0.472932
2 101.00 0.476296
2 102.00 0.478931
2 103.00 0.481241
2 104.00 0.482971
2 105.00 0.484058
2 106.00 0.484714
2 107.00 0.484909
2 108.00 0.484103
2 109.00 0.483011
2 110.00 0.48162
2 111.00 0.47911
2 112.00 0.476243
2 113.00 0.473003
2 114.00 0.468535
2 115.00 0.463912
2 116.00 0.458851
2 117.00 0.452467
2 118.00 0.446483
2 119.00 0.439403
2 120.00 0.431818
2 121.00 0.423718
2 122.00 0.414444
2 123.00 0.405281
2 124.00 0.395847
2 125.00 0.385608
2 126.00 0.375086
2 127.00 0.363319
2 128.00 0.352401
2 129.00 0.340486
2 130.00 0.328509
2 131.00 0.315289
2 132.00 0.303254
2 133.00 0.289985
2 134.00 0.276772
2 135.00 0.263318
2 136.00 0.250192
2 137.00 0.237432
2 138.00 0.22352
2 139.00 0.21065
2 140.00 0.197638
2 141.00 0.185127
2 142.00 0.172222
2 143.00 0.160032
2 144.00 0.147646
2 145.00 0.136581
2 146.00 0.1255
2 147.00 0.114217
2 148.00 0.104549
2 149.00 0.0948207
2 150.00 0.0850556
2 151.00 0.0768621
2 152.00 0.0686661
2 153.00 0.0612726
2 154.00 0.0547303
2 155.00 0.0482115
2 156.00 0.0417633
2 157.00 0.0368947
2 158.00 0.0320611
2 159.00 0.0272934
2 160.00 0.0233434
2 161.00 0.0201945
2 162.00 0.0170877
2 163.00 0.0147493
2 164.00 0.0117216
2 165.00 0.0101818
2 166.00 0.00794798
2 167.00 0.00646088
2 168.00 0.00499643
2 169.00 0.00425532
2 170.00 0.00352858
2 171.00 0.00280702
2 172.00 0.00209644
2 173.00 0.00139179
2 174.00 0.000693001
2 175.00 0.000691085
2 176.00 0.00068918
2 177.00 0
2 178.00 0
2 179.00 0
2 180.00 0
3 0.00 0
3 1.00 2.29822e-05
3 2.00 0.000100005
3 3.00 0.000224644
3 4.00 0.000406746
3 5.00 0.000625698
3 6.00 0.000892635
3 7.00 0.00120357
3 8.00 0.00156307
3 9.00 0.00195087
3 10.00 0.00237125
3 11.00 0.00282897
3 12.00 0.00330138
3 13.00 0.00380122
3 14.00 0.00431259
3 15.00 0.0048377
3 16.00 0.0053676
3 17.00 0.00589122
3 18.00 0.00640676
3 19.00 0.00689887
3 20.00 0.0073749
3 21.00 0.00782922
3 22.00 0.00824048
3 23.00 0.00862801
3 24.00 0.00895093
3 25.00 0.00922756
3 26.00 0.00946343
3 27.00 0.00962693
3 28.00 0.00974196
3 29.00 0.00981843
3 30.00 0.00982201
3 31.00 0.00981322
3 32.00 0.00973376
3 33.00 0.00965801
3 34.00 0.00955644
3 35.00 0.00945969
3 36.00 0.00937207
3 37.00 0.00933786
3 38.00 0.00937126
3 39.00 0.0094906
3 40.00 0.00971515
3 41.00 0.0100675
3 42.00 0.0105743
3 43.00 0.0112623
3 44.00 0.0121032
3 45.00 0.0131826
3 46.00 0.0144679
3 47.00 0.0159145
3 48.00 0.0176127
3 49.00 0.0195122
3 50.00 0.0215451
3 51.00 0.0238074
3 52.00 0.0262229
3 53.00 0.0287979
3 54.00 0.0314346
3 55.00 0.0342382
3 56.00 0.037093
3 57.00 0.0399902
3 58.00 0.0429283
3 59.00 0.0458863
3 60.00 0.048859
3 61.00 0.0518302
3 62.00 0.0546289
3 63.00 0.0577046
3 64.00 0.0605808
3 65.00 0.0633815
3 66.00 0.0662793
3 67.00 0.0690765
3 68.00 0.0719495
3 69.00 0.0746973
3 70.00 0.0774979
3 71.00 0.0803373
3 72.00 0.0830258
3 73.00 0.0859674
3 74.00 0.0886957
3 75.00 0.0917289
3 76.00 0.0947931
3 77.00 0.0975947
3 78.00 0.100715
3 79.00 0.103877
3 80.00 0.107372
3 81.00 0.110585
3 82.00 0.113792
3 83.00 0.11739
3 84.00 0.121012
3 85.00 0.124687
3 86.00 0.128356
3 87.00 0.132097
3 88.00 0.135851
3 89.00 0.140056
3 90.00 0.143855
3 91.00 0.148101
3 92.00 0.151948
3 93.00 0.156236
3 94.00 0.160601
3 95.00 0.164958
3 96.00 0.168813
3 97.00 0.173255
3 98.00 0.177645
3 99.00 0.182143
3 100.00 0.186555
3 101.00 0.191059
3 102.00 0.195546
3 103.00 0.200111
3 104.00 0.20407
3 105.00 0.208646
3 106.00 0.213278
3 107.00 0.217834
3 108.00 0.221816
3 109.00 0.226567
3 110.00 0.230575
3 111.00 0.234576
3 112.00 0.238562
3 113.00 0.242686
3 114.00 0.246622
3 115.00 0.25
3 116.00 0.254013
3 117.00 0.257264
3 118.00 0.260244
3 119.00 0.262582
3 120.00 0.265729
3 121.00 0.267817
3 122.00 0.268997
3 123.00 0.270978
3 124.00 0.272019
3 125.00 0.272082
3 126.00 0.272147
3 127.00 0.271186
3 128.00 0.269984
3 129.00 0.267931
3 130.00 0.265
3 131.00 0.261163
3 132.00 0.25724
3 133.00 0.251507
3 134.00 0.245645
3 135.00 0.238767
3 136.00 0.231044
3 137.00 0.222222
3 138.00 0.212454
3 139.00 0.202414
3 140.00 0.190386
3 141.00 0.17799
3 142.00 0.164237
3 143.00 0.150198
3 144.00 0.134673
3 145.00 0.118609
3 146.00 0.101871
3 147.00 0.0845666
3 148.00 0.0666667
3 149.00 0.0480349
3 150.00 0.0299335
3 151.00 0.0123457
3 152.00 -0.00567537
3 153.00 -0.021764
3 154.00 -0.0369089
3 155.00 -0.0509849
3 156.00 -0.0625724
3 157.00 -0.0729167
3 158.00 -0.0817031
3 159.00 -0.0866591
3 160.00 -0.0901917
3 161.00 -0.0922222
3 162.00 -0.0917031
3 163.00 -0.0888651
3 164.00 -0.0849057
3 165.00 -0.0788934
3 166.00 -0.073
3 167.00 -0.0663415
3 168.00 -0.0580952
3 169.00 -0.0511152
3 170.00 -0.0435572
3 171.00 -0.0354925
3 172.00 -0.0286957
3 173.00 -0.0221654
3 174.00 -0.0167645
3 175.00 -0.0115607
3 176.00 -0.00734095
3 177.00 -0.00403877
3 178.00 -0.00160385
3 179.00 -0.000798722
3 180.00 0
4 0.00 0
4 1.00 -1.57759e-05
4 2.00 -5.29599e-05
4 3.00 -0.000123252
4 4.00 -0.000228807
4 5.00 -0.000367228
4 6.00 -0.000542358
4 7.00 -0.000764989
4 8.00 -0.00104186
4 9.00 -0.00137493
4 10.00 -0.00177354
4 11.00 -0.00225579
4 12.00 -0.00281418
4 13.00 -0.00346989
4 14.00 -0.00422363
4 15.00 -0.00509219
4 16.00 -0.00606677
4 17.00 -0.0071733
4 18.00 -0.0083992
4 19.00 -0.00974688
4 20.00 -0.0112157
4 21.00 -0.0127865
4 22.00 -0.0144587
4 23.00 -0.016212
4 24.00 -0.0180168
4 25.00 -0.0198306
4 26.00 -0.0216589
4 27.00 -0.0234237
4 28.00 -0.0250961
4 29.00 -0.0266733
4 30.00 -0.0280758
4 31.00 -0.0293008
4 32.00 -0.0303259
4 33.00 -0.0311351
4 34.00 -0.0317177
4 35.00 -0.0321568
4 36.00 -0.0323933
4 37.00 -0.032496
4 38.00 -0.032509
4 39.00 -0.0324931
4 40.00 -0.0324646
4 41.00 -0.0325051
4 42.00 -0.0326449
4 43.00 -0.0329221
4 44.00 -0.0334468
4 45.00 -0.034125
4 46.00 -0.0350677
4 47.00 -0.0362457
4 48.00 -0.0376926
4 49.00 -0.0394558
4 50.00 -0.041478
4 51.00 -0.0436867
4 52.00 -0.0462088
4 53.00 -0.0488429
4 54.00 -0.0515822
4 55.00 -0.0544245
4 56.00 -0.0575107
4 57.00 -0.0604098
4 58.00 -0.0633714
4 59.00 -0.066234
4 60.00 -0.0691461
4 61.00 -0.0717161
4 62.00 -0.0742868
4 63.00 -0.0764306
4 64.00 -0.0785133
4 65.00 -0.0803222
4 66.00 -0.0818038
4 67.00 -0.0829211
4 68.00 -0.0836595
4 69.00 -0.0841998
4 70.00 -0.0843184
4 71.00 -0.0842391
4 72.00 -0.0836844
4 73.00 -0.0825848
4 74.00 -0.0812425
4 75.00 -0.0796678
4 76.00 -0.0774826
4 77.00 -0.0747481
4 78.00 -0.0716906
4 79.00 -0.0680109
4 80.00 -0.0640532
4 81.00 -0.0597923
4 82.00 -0.0549048
4 83.00 -0.0493274
4 84.00 -0.0438429
4 85.00 -0.0376992
4 86.00 -0.0312871
4 87.00 -0.0245869
4 88.00 -0.0172272
4 89.00 -0.0100125
4 90.00 -0.00254453
4 91.00 0.00517019
4 92.00 0.0131291
4 93.00 0.0208889
4 94.00 0.0288809
4 95.00 0.0371049
4 96.00 0.0450743
4 97.00 0.0528053
4 98.00 0.0607365
4 99.00 0.0683802
4 100.00 0.0762045
4 101.00 0.0837488
4 102.00 0.0909091
4 103.00 0.09826
4 104.00 0.105754
4 105.00 0.11292
4 106.00 0.120149
4 107.00 0.127087
4 108.00 0.13406
4 109.00 0.140728
4 110.00 0.147404
4 111.00 0.154324
4 112.00 0.161327
4 113.00 0.167342
4 114.00 0.174194
4 115.00 0.180415
4 116.00 0.186298
4 117.00 0.191722
4 118.00 0.196671
4 119.00 0.201749
4 120.00 0.206329
4 121.00 0.20975
4 122.00 0.212752
4 123.00 0.21504
4 124.00 0.216722
4 125.00 0.217923
4 126.00 0.217631
4 127.00 0.216632
4 128.00 0.215046
4 129.00 0.211816
4 130.00 0.208486
4 131.00 0.203415
4 132.00 0.198191
4 133.00 0.191278
4 134.00 0.184006
4 135.00 0.175591
4 136.00 0.166002
4 137.00 0.156149
4 138.00 0.145082
4 139.00 0.13361
4 140.00 0.121008
4 141.00 0.107993
4 142.00 0.094583
4 143.00 0.0800696
4 144.00 0.0651408
4 145.00 0.0498664
4 146.00 0.0342651
4 147.00 0.0173516
4 148.00 0
4 149.00 -0.0169173
4 150.00 -0.0353391
4 151.00 -0.05345
4 152.00 -0.0721344
4 153.00 -0.0906344
4 154.00 -0.108607
4 155.00 -0.126173
4 156.00 -0.14316
4 157.00 -0.159311
4 158.00 -0.171926
4 159.00 -0.183114
4 160.00 -0.19011
4 161.00 -0.194079
4 162.00 -0.193268
4 163.00 -0.189305
4 164.00 -0.180962
4 165.00 -0.169888
4 166.00 -0.156496
4 167.00 -0.140284
4 168.00 -0.123749
4 169.00 -0.106272
4 170.00 -0.089241
4 171.00 -0.0727418
4 172.00 -0.0582822
4 173.00 -0.0449853
4 174.00 -0.0327635
4 175.00 -0.0227901
4 176.00 -0.0148048
4 177.00 -0.00791035
4 178.00 -0.0038961
4 179.00 -0.000643087
4 180.00 0
5 0.00 0
5 1.00 -7.14649e-05
5 2.00 -0.000280955
5 3.00 -0.000629365
5 4.00 -0.00111901
5 5.00 -0.00174861
5 6.00 -0.00252048
5 7.00 -0.00343495
5 8.00 -0.00448335
5 9.00 -0.00566973
5 10.00 -0.00698511
5 11.00 -0.00842543
5 12.00 -0.0099728
5 13.00 -0.0116102
5 14.00 -0.0133302
5 15.00 -0.0150901
5 16.00 -0.0168708
5 17.00 -0.0186423
5 18.00 -0.0203516
5 19.00 -0.021989
5 20.00 -0.0235097
5 21.00 -0.0248935
5 22.00 -0.0261281
5 23.00 -0.0272328
5 24.00 -0.0281962
5 25.00 -0.029103
5 26.00 -0.0299667
5 27.00 -0.0308653
5 28.00 -0.031877
5 29.00 -0.0330495
5 30.00 -0.0344999
5 31.00 -0.0362705
5 32.00 -0.0384435
5 33.00 -0.0409909
5 34.00 -0.0440339
5 35.00 -0.0475266
5 36.00 -0.0514928
5 37.00 -0.055899
5 38.00 -0.0607326
5 39.00 -0.0659695
5 40.00 -0.0715689
5 41.00 -0.0774489
5 42.00 -0.0835165
5 43.00 -0.0897248
5 44.00 -0.0959993
5 45.00 -0.10219
5 46.00 -0.108276
5 47.00 -0.114173
5 48.00 -0.119668
5 49.00 -0.124894
5 50.00 -0.129487
5 51.00 -0.133731
5 52.00 -0.137457
5 53.00 -0.140401
5 54.00 -0.14297
5 55.00 -0.144971
5 56.00 -0.146562
5 57.00 -0.147717
5 58.00 -0.148661
5 59.00 -0.149189
5 60.00 -0.149712
5 61.00 -0.150075
5 62.00 -0.150734
5 63.00 -0.151061
5 64.00 -0.151769
5 65.00 -0.152438
5 66.00 -0.153059
5 67.00 -0.153887
5 68.00 -0.154119
5 69.00 -0.154344
5 70.00 -0.153891
5 71.00 -0.153046
5 72.00 -0.151524
5 73.00 -0.149235
5 74.00 -0.145913
5 75.00 -0.142158
5 76.00 -0.137301
5 77.00 -0.131686
5 78.00 -0.125301
5 79.00 -0.118182
5 80.00 -0.110678
5 81.00 -0.102841
5 82.00 -0.0947177
5 83.00 -0.0862832
5 84.00 -0.0775541
5 85.00 -0.0689785
5 86.00 -0.0597867
5 87.00 -0.0507692
5 88.00 -0.0415373
5 89.00 -0.032498
5 90.00 -0.0229068
5 91.00 -0.0135404
5 92.00 -0.00401445
5 93.00 0.00566343
5 94.00 0.0150836
5 95.00 0.0246508
5 96.00 0.0339545
5 97.00 0.0429704
5 98.00 0.0517241
5 99.00 0.0605932
5 100.00 0.068774
5 101.00 0.0770555
5 102.00 0.0850694
5 103.00 0.092779
5 104.00 0.100662
5 105.00 0.108192
5 106.00 0.115903
5 107.00 0.123753
5 108.00 0.13135
5 109.00 0.139556
5 110.00 0.147059
5 111.00 0.155189
5 112.00 0.16309
5 113.00 0.170685
5 114.00 0.178049
5 115.00 0.185185
5 116.00 0.1915
5 117.00 0.196962
5 118.00 0.202051
5 119.00 0.206341
5 120.00 0.209694
5 121.00 0.212073
5 122.00 0.213434
5 123.00 0.214286
5 124.00 0.213928
5 125.00 0.212549
5 126.00 0.210436
5 127.00 0.207679
5 128.00 0.20472
5 129.00 0.200599
5 130.00 0.196233
5 131.00 0.191739
5 132.00 0.186366
5 133.00 0.180203
5 134.00 0.173857
5 135.00 0.166667
5 136.00 0.159151
5 137.00 0.150842
5 138.00 0.141393
5 139.00 0.13167
5 140.00 0.120956
5 141.00 0.109052
5 142.00 0.0975434
5 143.00 0.0849195
5 144.00 0.0711638
5 145.00 0.0577644
5 146.00 0.0439727
5 147.00 0.0298851
5 148.00 0.0154679
5 149.00 0.00156128
5 150.00 -0.0126084
5 151.00 -0.0254574
5 152.00 -0.0393574
5 153.00 -0.0519903
5 154.00 -0.0649137
5 155.00 -0.0774355
5 156.00 -0.090448
5 157.00 -0.102146
5 158.00 -0.114211
5 159.00 -0.124889
5 160.00 -0.13465
5 161.00 -0.143376
5 162.00 -0.149772
5 163.00 -0.153285
5 164.00 -0.153707
5 165.00 -0.149956
5 166.00 -0.142241
5 167.00 -0.13195
5 168.00 -0.118671
5 169.00 -0.104198
5 170.00 -0.0883392
5 171.00 -0.0731383
5 172.00 -0.0581614
5 173.00 -0.0448113
5 174.00 -0.0329241
5 175.00 -0.022848
5 176.00 -0.0147808
5 177.00 -0.00838264
5 178.00 -0.00384986
5 179.00 -0.000948317
5 180.00 0
6 0.00 0
6 1.00 -5.33811e-05
6 2.00 -0.000216789
6 3.00 -0.000487143
6 4.00 -0.00087021
6 5.00 -0.00136672
6 6.00 -0.00197695
6 7.00 -0.00270226
6 8.00 -0.00354311
6 9.00 -0.00450094
6 10.00 -0.00556656
6 11.00 -0.00673579
6 12.00 -0.00799961
6 13.00 -0.00934245
6 14.00 -0.0107561
6 15.00 -0.0122229
6 16.00 -0.0137429
6 17.00 -0.0153182
6 18.00 -0.0169571
6 19.00 -0.0186797
6 20.00 -0.0205375
6 21.00 -0.0225953
6 22.00 -0.0248799
6 23.00 -0.027484
6 24.00 -0.03045
6 25.00 -0.0338266
6 26.00 -0.0376163
6 27.00 -0.0418071
6 28.00 -0.0463954
6 29.00 -0.0512878
6 30.00 -0.0564094
6 31.00 -0.0616817
6 32.00 -0.0669862
6 33.00 -0.0722146
6 34.00 -0.0773727
6 35.00 -0.0823415
6 36.00 -0.0871495
6 37.00 -0.0918284
6 38.00 -0.0965014
6 39.00 -0.101307
6 40.00 -0.106338
6 41.00 -0.111646
6 42.00 -0.117312
6 43.00 -0.123373
6 44.00 -0.129622
6 45.00 -0.136051
6 46.00 -0.142443
6 47.00 -0.148486
6 48.00 -0.154107
6 49.00 -0.158881
6 50.00 -0.162645
6 51.00 -0.165392
6 52.00 -0.166827
6 53.00 -0.167453
6 54.00 -0.166902
6 55.00 -0.165563
6 56.00 -0.163664
6 57.00 -0.161419
6 58.00 -0.158908
6 59.00 -0.156156
6 60.00 -0.153641
6 61.00 -0.151251
6 62.00 -0.14885
6 63.00 -0.146735
6 64.00 -0.144694
6 65.00 -0.142746
6 66.00 -0.141026
6 67.00 -0.139484
6 68.00 -0.13762
6 69.00 -0.136285
6 70.00 -0.134935
6 71.00 -0.133273
6 72.00 -0.132216
6 73.00 -0.130504
6 74.00 -0.129074
6 75.00 -0.12701
6 76.00 -0.124667
6 77.00 -0.121959
6 78.00 -0.118291
6 79.00 -0.113683
6 80.00 -0.108514
6 81.00 -0.102393
6 82.00 -0.0954239
6 83.00 -0.0875625
6 84.00 -0.0795536
6 85.00 -0.071066
6 86.00 -0.0620438
6 87.00 -0.0532892
6 88.00 -0.0447485
6 89.00 -0.0368304
6 90.00 -0.0288066
6 91.00 -0.0218127
6 92.00 -0.0151114
6 93.00 -0.00872203
6 94.00 -0.00304414
6 95.00 0.00267176
6 96.00 0.00803674
6 97.00 0.0138143
6 98.00 0.0196229
6 99.00 0.0258587
6 100.00 0.0321456
6 101.00 0.0392691
6 102.00 0.046875
6 103.00 0.0549882
6 104.00 0.0636112
6 105.00 0.0724234
6 106.00 0.0817963
6 107.00 0.0909458
6 108.00 0.100326
6 109.00 0.10951
6 110.00 0.118968
6 111.00 0.127785
6 112.00 0.135997
6 113.00 0.144024
6 114.00 0.15137
6 115.00 0.15808
6 116.00 0.164139
6 117.00 0.169377
6 118.00 0.173913
6 119.00 0.177644
6 120.00 0.180451
6 121.00 0.182468
6 122.00 0.183486
6 123.00 0.183554
6 124.00 0.183127
6 125.00 0.181178
6 126.00 0.178663
6 127.00 0.175557
6 128.00 0.171308
6 129.00 0.166311
6 130.00 0.160087
6 131.00 0.153128
6 132.00 0.145799
6 133.00 0.137775
6 134.00 0.128792
6 135.00 0.11949
6 136.00 0.109283
6 137.00 0.0994048
6 138.00 0.0892104
6 139.00 0.0787065
6 140.00 0.0685608
6 141.00 0.057536
6 142.00 0.0468354
6 143.00 0.0352564
6 144.00 0.024026
6 145.00 0.0118421
6 146.00 -0.000666223
6 147.00 -0.0134953
6 148.00 -0.0266393
6 149.00 -0.0400829
6 150.00 -0.0531097
6 151.00 -0.0663842
6 152.00 -0.0784593
6 153.00 -0.0899281
6 154.00 -0.100944
6 155.00 -0.110704
6 156.00 -0.119259
6 157.00 -0.126592
6 158.00 -0.132777
6 159.00 -0.138568
6 160.00 -0.143081
6 161.00 -0.146709
6 162.00 -0.14791
6 163.00 -0.147607
6 164.00 -0.145647
6 165.00 -0.140663
6 166.00 -0.132645
6 167.00 -0.121726
6 168.00 -0.108407
6 169.00 -0.0941423
6 170.00 -0.0790333
6 171.00 -0.0643985
6 172.00 -0.0507328
6 173.00 -0.0381999
6 174.00 -0.0278049
6 175.00 -0.0187643
6 176.00 -0.0121317
6 177.00 -0.00663075
6 178.00 -0.00280899
6 179.00 -0.000786782
6 180.00 0
7 0.00 0
7 1.00 -6.82392e-05
7 2.00 -0.000270834
7 3.00 -0.000608277
7 4.00 -0.00107916
7 5.00 -0.00168823
7 6.00 -0.00243159
7 7.00 -0.00330602
7 8.00 -0.00431221
7 9.00 -0.00544491
7 10.00 -0.00669691
7 11.00 -0.00805809
7 12.00 -0.00952857
7 13.00 -0.0110974
7 14.00 -0.0127796
7 15.00 -0.0145723
7 16.00 -0.016514
7 17.00 -0.0186392
7 18.00 -0.0209705
7 19.00 -0.0235741
7 20.00 -0.0264897
7 21.00 -0.0297517
7 22.00 -0.033363
7 23.00 -0.0373504
7 24.00 -0.041688
7 25.00 -0.0463123
7 26.00 -0.0511662
7 27.00 -0.0562192
7 28.00 -0.061391
7 29.00 -0.0665746
7 30.00 -0.0717679
7 31.00 -0.0769231
7 32.00 -0.082059
7 33.00 -0.0871309
7 34.00 -0.0921176
7 35.00 -0.0971223
7 36.00 -0.102028
7 37.00 -0.106761
7 38.00 -0.11118
7 39.00 -0.115237
7 40.00 -0.118817
7 41.00 -0.121728
7 42.00 -0.123809
7 43.00 -0.125279
7 44.00 -0.125926
7 45.00 -0.126064
7 46.00 -0.125668
7 47.00 -0.125049
7 48.00 -0.124129
7 49.00 -0.123393
7 50.00 -0.122632
7 51.00 -0.121944
7 52.00 -0.121202
7 53.00 -0.120617
7 54.00 -0.119859
7 55.00 -0.118772
7 56.00 -0.117681
7 57.00 -0.116242
7 58.00 -0.114836
7 59.00 -0.113236
7 60.00 -0.112177
7 61.00 -0.111471
7 62.00 -0.11167
7 63.00 -0.112903
7 64.00 -0.115217
7 65.00 -0.118536
7 66.00 -0.122572
7 67.00 -0.12715
7 68.00 -0.131961
7 69.00 -0.136391
7 70.00 -0.140067
7 71.00 -0.142278
7 72.00 -0.143585
7 73.00 -0.142903
7 74.00 -0.140553
7 75.00 -0.137091
7 76.00 -0.132298
7 77.00 -0.126789
7 78.00 -0.120619
7 79.00 -0.114573
7 80.00 -0.108325
7 81.00 -0.102277
7 82.00 -0.096411
7 83.00 -0.0908448
7 84.00 -0.0858765
7 85.00 -0.0808405
7 86.00 -0.0757143
7 87.00 -0.0708408
7 88.00 -0.0659026
7 89.00 -0.0608665
7 90.00 -0.0554165
7 91.00 -0.0499109
7 92.00 -0.0440341
7 93.00 -0.0374426
7 94.00 -0.0305478
7 95.00 -0.0230366
7 96.00 -0.0145682
7 97.00 -0.00552105
7 98.00 0.00412229
7 99.00 0.0143836
7 100.00 0.0249658
7 101.00 0.0359097
7 102.00 0.0472927
7 103.00 0.0584795
7 104.00 0.0691324
7 105.00 0.0796799
7 106.00 0.0897301
7 107.00 0.0989399
7 108.00 0.10727
7 109.00 0.115108
7 110.00 0.122004
7 111.00 0.128346
7 112.00 0.134074
7 113.00 0.139596
7 114.00 0.144533
7 115.00 0.148871
7 116.00 0.152982
7 117.00 0.156532
7 118.00 0.159046
7 119.00 0.160887
7 120.00 0.161753
7 121.00 0.161814
7 122.00 0.160677
7 123.00 0.157782
7 124.00 0.153913
7 125.00 0.149021
7 126.00 0.142922
7 127.00 0.13511
7 128.00 0.126925
7 129.00 0.117898
7 130.00 0.108445
7 131.00 0.0985915
7 132.00 0.0888998
7 133.00 0.0789474
7 134.00 0.0686717
7 135.00 0.0592105
7 136.00 0.0500511
7 137.00 0.0407007
7 138.00 0.0317048
7 139.00 0.0230729
7 140.00 0.0142857
7 141.00 0.00587293
7 142.00 -0.00215401
7 143.00 -0.0103261
7 144.00 -0.0175439
7 145.00 -0.0249032
7 146.00 -0.0318614
7 147.00 -0.0383964
7 148.00 -0.044546
7 149.00 -0.0508671
7 150.00 -0.057377
7 151.00 -0.0635392
7 152.00 -0.0698795
7 153.00 -0.075841
7 154.00 -0.0819876
7 155.00 -0.0876972
7 156.00 -0.0928892
7 157.00 -0.0975927
7 158.00 -0.101124
7 159.00 -0.104698
7 160.00 -0.106339
7 161.00 -0.108033
7 162.00 -0.108925
7 163.00 -0.108819
7 164.00 -0.107604
7 165.00 -0.10481
7 166.00 -0.100996
7 167.00 -0.0952712
7 168.00 -0.0877428
7 169.00 -0.0787802
7 170.00 -0.0682898
7 171.00 -0.0570801
7 172.00 -0.0458438
7 173.00 -0.0355494
7 174.00 -0.0262935
7 175.00 -0.0180463
7 176.00 -0.0113636
7 177.00 -0.00659264
7 178.00 -0.002998
7 179.00 -0.000649984
7 180.00 0
8 0.00 0
8 1.00 -5.4641e-05
8 2.00 -0.00021604
8 3.00 -0.000481548
8 4.00 -0.000849858
8 5.00 -0.00131453
8 6.00 -0.00187269
8 7.00 -0.00252454
8 8.00 -0.00327449
8 9.00 -0.00413166
8 10.00 -0.00512166
8 11.00 -0.00628497
8 12.00 -0.0076823
8 13.00 -0.00938761
8 14.00 -0.0114754
8 15.00 -0.0140306
8 16.00 -0.0170865
8 17.00 -0.020664
8 18.00 -0.0247019
8 19.00 -0.0290993
8 20.00 -0.0337257
8 21.00 -0.0383997
8 22.00 -0.0429231
8 23.00 -0.0471241
8 24.00 -0.0509093
8 25.00 -0.0542152
8 26.00 -0.0571312
8 27.00 -0.0597545
8 28.00 -0.0623238
8 29.00 -0.0650222
8 30.00 -0.0679509
8 31.00 -0.0712836
8 32.00 -0.0748093
8 33.00 -0.0785141
8 34.00 -0.0820181
8 35.00 -0.0850284
8 36.00 -0.0874023
8 37.00 -0.0887722
8 38.00 -0.0891376
8 39.00 -0.0884128
8 40.00 -0.0868886
8 41.00 -0.0846836
8 42.00 -0.0820368
8 43.00 -0.0793063
8 44.00 -0.0765656
8 45.00 -0.0740012
8 46.00 -0.071775
8 47.00 -0.0699683
8 48.00 -0.0687774
8 49.00 -0.0681628
8 50.00 -0.0683411
8 51.00 -0.0693084
8 52.00 -0.0711767
8 53.00 -0.0738999
8 54.00 -0.0776272
8 55.00 -0.0821185
8 56.00 -0.0872678
8 57.00 -0.0929383
8 58.00 -0.0989362
8 59.00 -0.104993
8 60.00 -0.110826
8 61.00 -0.116256
8 62.00 -0.121189
8 63.00 -0.125495
8 64.00 -0.129041
8 65.00 -0.132332
8 66.00 -0.135048
8 67.00 -0.137444
8 68.00 -0.139284
8 69.00 -0.140912
8 70.00 -0.141607
8 71.00 -0.1421
8 72.00 -0.14194
8 73.00 -0.141185
8 74.00 -0.139804
8 75.00 -0.138385
8 76.00 -0.136265
8 77.00 -0.134524
8 78.00 -0.133088
8 79.00 -0.132075
8 80.00 -0.131032
8 81.00 -0.130806
8 82.00 -0.130241
8 83.00 -0.12976
8 84.00 -0.128262
8 85.00 -0.126139
8 86.00 -0.122788
8 87.00 -0.117542
8 88.00 -0.110876
8 89.00 -0.102582
8 90.00 -0.0930714
8 91.00 -0.0817439
8 92.00 -0.0697204
8 93.00 -0.0566856
8 94.00 -0.0436219
8 95.00 -0.0298556
8 96.00 -0.0166395
8 97.00 -0.0038999
8 98.00 0.00843061
8 99.00 0.0194363
8 100.00 0.0294785
8 101.00 0.0382744
8 102.00 0.045809
8 103.00 0.0524089
8 104.00 0.0574225
8 105.00 0.0617849
8 106.00 0.0652245
8 107.00 0.0683311
8 108.00 0.0718523
8 109.00 0.075091
8 110.00 0.0794284
8 111.00 0.0839184
8 112.00 0.0896226
8 113.00 0.0955457
8 114.00 0.102441
8 115.00 0.109331
8 116.00 0.116525
8 117.00 0.123386
8 118.00 0.129832
8 119.00 0.135065
8 120.00 0.139403
8 121.00 0.142747
8 122.00 0.144592
8 123.00 0.145592
8 124.00 0.145351
8 125.00 0.143742
8 126.00 0.141537
8 127.00 0.137857
8 128.00 0.133998
8 129.00 0.128521
8 130.00 0.122376
8 131.00 0.114583
8 132.00 0.106012
8 133.00 0.0966094
8 134.00 0.0859558
8 135.00 0.0744782
8 136.00 0.0626794
8 137.00 0.0501205
8 138.00 0.0378641
8 139.00 0.0258915
8 140.00 0.0142506
8 141.00 0.00296736
8 142.00 -0.00796416
8 143.00 -0.0185464
8 144.00 -0.0287588
8 145.00 -0.0385983
8 146.00 -0.0485685
8 147.00 -0.0580977
8 148.00 -0.0672182
8 149.00 -0.0764033
8 150.00 -0.0857292
8 151.00 -0.0942105
8 152.00 -0.103027
8 153.00 -0.111708
8 154.00 -0.120305
8 155.00 -0.129014
8 156.00 -0.137211
8 157.00 -0.144259
8 158.00 -0.15062
8 159.00 -0.155381
8 160.00 -0.157699
8 161.00 -0.158028
8 162.00 -0.155484
8 163.00 -0.150361
8 164.00 -0.143238
8 165.00 -0.133826
8 166.00 -0.123399
8 167.00 -0.11178
8 168.00 -0.0990164
8 169.00 -0.0860215
8 170.00 -0.0726291
8 171.00 -0.0599776
8 172.00 -0.0475452
8 173.00 -0.0364238
8 174.00 -0.0267934
8 175.00 -0.0182323
8 176.00 -0.0117431
8 177.00 -0.00654045
8 178.00 -0.00295469
8 179.00 -0.000637552
8 180.00 0
9 0.00 0
9 1.00 -8.52031e-05
9 2.00 -0.000339472
9 3.00 -0.000749093
9 4.00 -0.00130004
9 5.00 -0.00196305
9 6.00 -0.00270345
9 7.00 -0.00347155
9 8.00 -0.00421836
9 9.00 -0.00488741
9 10.00 -0.00544209
9 11.00 -0.00587465
9 12.00 -0.00624156
9 13.00 -0.00665837
9 14.00 -0.0072978
9 15.00 -0.00838064
9 16.00 -0.0100827
9 17.00 -0.0125284
9 18.00 -0.0157067
9 19.00 -0.0195213
9 20.00 -0.023768
9 21.00 -0.0282074
9 22.00 -0.0326026
9 23.00 -0.0367256
9 24.00 -0.0404373
9 25.00 -0.0435476
9 26.00 -0.0459579
9 27.00 -0.0475141
9 28.00 -0.0479776
9 29.00 -0.0472929
9 30.00 -0.0453932
9 31.00 -0.0423622
9 32.00 -0.0384827
9 33.00 -0.0343425
9 34.00 -0.0305214
9 35.00 -0.027633
9 36.00 -0.0261345
9 37.00 -0.0261381
9 38.00 -0.0277275
9 39.00 -0.0305462
9 40.00 -0.0340395
9 41.00 -0.0378147
9 42.00 -0.0412885
9 43.00 -0.0442839
9 44.00 -0.0465934
9 45.00 -0.0484597
9 46.00 -0.0499394
9 47.00 -0.0516121
9 48.00 -0.0536553
9 49.00 -0.0564117
9 50.00 -0.059824
9 51.00 -0.0638197
9 52.00 -0.0684316
9 53.00 -0.0735527
9 54.00 -0.0789963
9 55.00 -0.0847225
9 56.00 -0.0904959
9 57.00 -0.0965008
9 58.00 -0.102213
9 59.00 -0.107843
9 60.00 -0.113057
9 61.00 -0.117263
9 62.00 -0.120338
9 63.00 -0.122414
9 64.00 -0.123711
9 65.00 -0.124121
9 66.00 -0.124802
9 67.00 -0.125819
9 68.00 -0.127876
9 69.00 -0.13101
9 70.00 -0.135696
9 71.00 -0.141547
9 72.00 -0.147885
9 73.00 -0.154227
9 74.00 -0.158951
9 75.00 -0.161931
9 76.00 -0.162691
9 77.00 -0.160861
9 78.00 -0.15697
9 79.00 -0.151068
9 80.00 -0.144123
9 81.00 -0.136693
9 82.00 -0.128874
9 83.00 -0.121541
9 84.00 -0.114687
9 85.00 -0.108712
9 86.00 -0.102861
9 87.00 -0.0971326
9 88.00 -0.0914245
9 89.00 -0.0854641
9 90.00 -0.0788927
9 91.00 -0.0713554
9 92.00 -0.0629418
9 93.00 -0.053382
9 94.00 -0.0430809
9 95.00 -0.0318021
9 96.00 -0.0202276
9 97.00 -0.00777847
9 98.00 0.00490497
9 99.00 0.0175333
9 100.00 0.0301673
9 101.00 0.0425784
9 102.00 0.0545775
9 103.00 0.0659854
9 104.00 0.0769455
9 105.00 0.0872738
9 106.00 0.0968026
9 107.00 0.105855
9 108.00 0.113935
9 109.00 0.120946
9 110.00 0.127155
9 111.00 0.131538
9 112.00 0.134247
9 113.00 0.134784
9 114.00 0.133267
9 115.00 0.129206
9 116.00 0.123161
9 117.00 0.115398
9 118.00 0.106563
9 119.00 0.0973515
9 120.00 0.0882353
9 121.00 0.0798969
9 122.00 0.0724692
9 123.00 0.0659591
9 124.00 0.0604311
9 125.00 0.0555121
9 126.00 0.0512515
9 127.00 0.0464271
9 128.00 0.0418547
9 129.00 0.03625
9 130.00 0.0304569
9 131.00 0.024453
9 132.00 0.0182688
9 133.00 0.0123402
9 134.00 0.00669643
9 135.00 0.00135685
9 136.00 -0.0032066
9 137.00 -0.00788497
9 138.00 -0.0121951
9 139.00 -0.0161137
9 140.00 -0.0200861
9 141.00 -0.0236031
9 142.00 -0.0266473
9 143.00 -0.0296981
9 144.00 -0.0322738
9 145.00 -0.034398
9 146.00 -0.037092
9 147.00 -0.0393426
9 148.00 -0.0421899
9 149.00 -0.045109
9 150.00 -0.0485934
9 151.00 -0.0520887
9 152.00 -0.0561331
9 153.00 -0.0591623
9 154.00 -0.0622363
9 155.00 -0.0638978
9 156.00 -0.065194
9 157.00 -0.0656096
9 158.00 -0.0651448
9 159.00 -0.0636364
9 160.00 -0.0614849
9 161.00 -0.0585106
9 162.00 -0.0539892
9 163.00 -0.0490909
9 164.00 -0.0432136
9 165.00 -0.0370595
9 166.00 -0.03076
9 167.00 -0.0250149
9 168.00 -0.0210158
9 169.00 -0.0169972
9 170.00 -0.0146659
9 171.00 -0.0128205
9 172.00 -0.0114395
9 173.00 -0.0096238
9 174.00 -0.00796495
9 175.00 -0.00615942
9 176.00 -0.00431321
9 177.00 -0.0024623
9 178.00 -0.00116279
9 179.00 -0.000280505
9 180.00 0
10 0.00 0
10 1.00 -0.000117707
10 2.00 -0.000468848
10 3.00 -0.00105717
10 4.00 -0.00187798
10 5.00 -0.00293091
10 6.00 -0.00419806
10 7.00 -0.00565075
10 8.00 -0.00723756
10 9.00 -0.00887762
10 10.00 -0.0104534
10 11.00 -0.0118352
10 12.00 -0.0128857
10 13.00 -0.013513
10 14.00 -0.0136962
10 15.00 -0.0134887
10 16.00 -0.0129988
10 17.00 -0.0123562
10 18.00 -0.0117185
10 19.00 -0.0112458
10 20.00 -0.0111009
10 21.00 -0.0114886
10 22.00 -0.0125449
10 23.00 -0.01431
10 24.00 -0.0166063
10 25.00 -0.0191254
10 26.00 -0.0214267
10 27.00 -0.0230387
10 28.00 -0.0235065
10 29.00 -0.0228004
10 30.00 -0.0209456
10 31.00 -0.018309
10 32.00 -0.015457
10 33.00 -0.0127975
10 34.00 -0.0108615
10 35.00 -0.00991352
10 36.00 -0.0101107
10 37.00 -0.0113945
10 38.00 -0.0135201
10 39.00 -0.0163541
10 40.00 -0.0196326
10 41.00 -0.0231345
10 42.00 -0.0265867
10 43.00 -0.0300696
10 44.00 -0.033233
10 45.00 -0.0359924
10 46.00 -0.038351
10 47.00 -0.0400635
10 48.00 -0.0414044
10 49.00 -0.0422952
10 50.00 -0.0431317
10 51.00 -0.0442536
10 52.00 -0.0460733
10 53.00 -0.0487085
10 54.00 -0.0525083
10 55.00 -0.0572078
10 56.00 -0.0629233
10 57.00 -0.0688222
10 58.00 -0.0751036
10 59.00 -0.081512
10 60.00 -0.0879805
10 61.00 -0.0944792
10 62.00 -0.101194
10 63.00 -0.1075
10 64.00 -0.113866
10 65.00 -0.119484
10 66.00 -0.123769
10 67.00 -0.126224
10 68.00 -0.126629
10 69.00 -0.125333
10 70.00 -0.123107
10 71.00 -0.120411
10 72.00 -0.117788
10 73.00 -0.116883
10 74.00 -0.116947
10 75.00 -0.117598
10 76.00 -0.118799
10 77.00 -0.119615
10 78.00 -0.118262
10 79.00 -0.114345
10 80.00 -0.10754
10 81.00 -0.0979277
10 82.00 -0.0866613
10 83.00 -0.0739147
10 84.00 -0.0607798
10 85.00 -0.0481343
10 86.00 -0.036754
10 87.00 -0.0266241
10 88.00 -0.0183645
10 89.00 -0.0111713
10 90.00 -0.00496689
10 91.00 0
10 92.00 0.00477099
10 93.00 0.0090625
10 94.00 0.0135385
10 95.00 0.0185185
10 96.00 0.0234234
10 97.00 0.0288948
10 98.00 0.034064
10 99.00 0.0389725
10 100.00 0.0433628
10 101.00 0.0472116
10 102.00 0.0502216
10 103.00 0.0526627
10 104.00 0.0548148
10 105.00 0.0569733
10 106.00 0.0597148
10 107.00 0.0633551
10 108.00 0.0682563
10 109.00 0.0741405
10 110.00 0.0807808
10 111.00 0.0876663
10 112.00 0.0945122
10 113.00 0.10111
10 114.00 0.106184
10 115.00 0.110336
10 116.00 0.113512
10 117.00 0.115271
10 118.00 0.115835
10 119.00 0.115779
10 120.00 0.114634
10 121.00 0.112651
10 122.00 0.109783
10 123.00 0.106312
10 124.00 0.10109
10 125.00 0.0948375
10 126.00 0.0874806
10 127.00 0.0790514
10 128.00 0.0699076
10 129.00 0.0596162
10 130.00 0.048983
10 131.00 0.0375527
10 132.00 0.0261578
10 133.00 0.0139252
10 134.00 0.00132392
10 135.00 -0.0111707
10 136.00 -0.0234975
10 137.00 -0.0355839
10 138.00 -0.0474217
10 139.00 -0.0580316
10 140.00 -0.0674157
10 141.00 -0.0755073
10 142.00 -0.0827389
10 143.00 -0.0885167
10 144.00 -0.0932692
10 145.00 -0.0964785
10 146.00 -0.0986938
10 147.00 -0.0998546
10 148.00 -0.0996113
10 149.00 -0.0990244
10 150.00 -0.097549
10 151.00 -0.0961538
10 152.00 -0.0952854
10 153.00 -0.0943585
10 154.00 -0.0944249
10 155.00 -0.0950455
10 156.00 -0.0952624
10 157.00 -0.0948454
10 158.00 -0.0932425
10 159.00 -0.0894483
10 160.00 -0.0842047
10 161.00 -0.0759637
10 162.00 -0.0658508
10 163.00 -0.0547619
10 164.00 -0.0439494
10 165.00 -0.0343373
10 166.00 -0.0268496
10 167.00 -0.0211392
10 168.00 -0.0178366
10 169.00 -0.0157303
10 170.00 -0.0136091
10 171.00 -0.0114703
10 172.00 -0.00932287
10 173.00 -0.00679348
10 174.00 -0.00452117
10 175.00 -0.00258684
10 176.00 -0.00133111
10 177.00 -0.000606428
10 178.00 -0.000282008
10 179.00 0
10 180.00 0
11 0.00 0
11 1.00 -0.000124346
11 2.00 -0.000497566
11 3.00 -0.00111112
11 4.00 -0.00194941
11 5.00 -0.00298267
11 6.00 -0.00415222
11 7.00 -0.00535972
11 8.00 -0.00645481
11 9.00 -0.007244
11 10.00 -0.0075106
11 11.00 -0.0070989
11 12.00 -0.00600041
11 13.00 -0.00441491
11 14.00 -0.00265787
11 15.00 -0.00110314
11 16.00 -1.5378e-05
11 17.00 0.000452006
11 18.00 0.000295228
11 19.00 -0.00034094
11 20.00 -0.00122198
11 21.00 -0.00199732
11 22.00 -0.00234807
11 23.00 -0.00199518
11 24.00 -0.00081034
11 25.00 0.00112209
11 26.00 0.00360336
11 27.00 0.00628117
11 28.00 0.00879132
11 29.00 0.0108793
11 30.00 0.0124244
11 31.00 0.0135804
11 32.00 0.0143512
11 33.00 0.014864
11 34.00 0.0151404
11 35.00 0.0150712
11 36.00 0.0144555
11 37.00 0.0128245
11 38.00 0.00994052
11 39.00 0.00568378
11 40.00 9.12242e-05
11 41.00 -0.00658532
11 42.00 -0.0139018
11 43.00 -0.0212603
11 44.00 -0.0282282
11 45.00 -0.0343715
11 46.00 -0.0391614
11 47.00 -0.0428092
11 48.00 -0.0450637
11 49.00 -0.0467671
11 50.00 -0.0481648
11 51.00 -0.050299
11 52.00 -0.0540641
11 53.00 -0.0597665
11 54.00 -0.0677609
11 55.00 -0.077733
11 56.00 -0.088677
11 57.00 -0.0987592
11 58.00 -0.106109
11 59.00 -0.109106
11 60.00 -0.106333
11 61.00 -0.0984408
11 62.00 -0.0870937
11 63.00 -0.0743265
11 64.00 -0.063
11 65.00 -0.0548509
11 66.00 -0.0512549
11 67.00 -0.0522852
11 68.00 -0.0572403
11 69.00 -0.0648585
11 70.00 -0.0728531
11 71.00 -0.0797314
11 72.00 -0.0834409
11 73.00 -0.0840263
11 74.00 -0.0813799
11 75.00 -0.0768547
11 76.00 -0.0723801
11 77.00 -0.0685841
11 78.00 -0.0668426
11 79.00 -0.067597
11 80.00 -0.0699784
11 81.00 -0.0738685
11 82.00 -0.0778947
11 83.00 -0.081193
11 84.00 -0.0828931
11 85.00 -0.0830684
11 86.00 -0.0810392
11 87.00 -0.0766327
11 88.00 -0.0704846
11 89.00 -0.0624108
11 90.00 -0.0523034
11 91.00 -0.0410774
11 92.00 -0.0285152
11 93.00 -0.01565
11 94.00 -0.00249454
11 95.00 0.0103659
11 96.00 0.0220961
11 97.00 0.0325227
11 98.00 0.0417627
11 99.00 0.0499149
11 100.00 0.0570949
11 101.00 0.063659
11 102.00 0.0702718
11 103.00 0.0772802
11 104.00 0.0845147
11 105.00 0.092375
11 106.00 0.10011
11 107.00 0.107868
11 108.00 0.114528
11 109.00 0.119437
11 110.00 0.121816
11 111.00 0.121973
11 112.00 0.119011
11 113.00 0.113877
11 114.00 0.107064
11 115.00 0.0995169
11 116.00 0.0919202
11 117.00 0.0846895
11 118.00 0.0779089
11 119.00 0.071649
11 120.00 0.065225
11 121.00 0.0589698
11 122.00 0.0517553
11 123.00 0.044633
11 124.00 0.0371901
11 125.00 0.0298165
11 126.00 0.0229393
11 127.00 0.0161863
11 128.00 0.010016
11 129.00 0.00406174
11 130.00 -0.00205677
11 131.00 -0.00874636
11 132.00 -0.0160135
11 133.00 -0.0234542
11 134.00 -0.0310881
11 135.00 -0.0380577
11 136.00 -0.045656
11 137.00 -0.0525606
11 138.00 -0.0591447
11 139.00 -0.0653474
11 140.00 -0.0710967
11 141.00 -0.0758782
11 142.00 -0.0792079
11 143.00 -0.0811195
11 144.00 -0.0820611
11 145.00 -0.0825732
11 146.00 -0.0835749
11 147.00 -0.0851167
11 148.00 -0.0885952
11 149.00 -0.0930576
11 150.00 -0.0985149
11 151.00 -0.10453
11 152.00 -0.109664
11 153.00 -0.114804
11 154.00 -0.118987
11 155.00 -0.122522
11 156.00 -0.124873
11 157.00 -0.126725
11 158.00 -0.12731
11 159.00 -0.126359
11 160.00 -0.121977
11 161.00 -0.114992
11 162.00 -0.104857
11 163.00 -0.0917327
11 164.00 -0.0784314
11 165.00 -0.0654693
11 166.00 -0.0562249
11 167.00 -0.0499439
11 168.00 -0.0463215
11 169.00 -0.0438921
11 170.00 -0.0400411
11 171.00 -0.0337469
11 172.00 -0.0256046
11 173.00 -0.0164153
11 174.00 -0.00809717
11 175.00 -0.00253623
11 176.00 0.000321854
11 177.00 0.0011534
11 178.00 0.000791975
11 179.00 0.000249439
11 180.00 0
12 0.00 0
12 1.00 -0.000134901
12 2.00 -0.000535732
12 3.00 -0.00119047
12 4.00 -0.00206657
12 5.00 -0.00310382
12 6.00 -0.00418448
12 7.00 -0.00512328
12 8.00 -0.00565899
12 9.00 -0.00550127
12 10.00 -0.00445221
12 11.00 -0.00255401
12 12.00 -0.000196091
12 13.00 0.00206013
12 14.00 0.00368451
12 15.00 0.00441949
12 16.00 0.00435256
12 17.00 0.00384765
12 18.00 0.00350359
12 19.00 0.00393915
12 20.00 0.00557137
12 21.00 0.008437
12 22.00 0.0123237
12 23.00 0.0167426
12 24.00 0.0212389
12 25.00 0.02531
12 26.00 0.0286698
12 27.00 0.0310325
12 28.00 0.0323807
12 29.00 0.0328208
12 30.00 0.0323964
12 31.00 0.031122
12 32.00 0.0289024
12 33.00 0.0255541
12 34.00 0.0207175
12 35.00 0.0144207
12 36.00 0.00683456
12 37.00 -0.0015814
12 38.00 -0.0102075
12 39.00 -0.0180229
12 40.00 -0.0245499
12 41.00 -0.0293906
12 42.00 -0.0326432
12 43.00 -0.0346154
12 44.00 -0.0359089
12 45.00 -0.0370614
12 46.00 -0.0383543
12 47.00 -0.04
12 48.00 -0.0420804
12 49.00 -0.0441794
12 50.00 -0.0464241
12 51.00 -0.048566
12 52.00 -0.0498373
12 53.00 -0.0499677
12 54.00 -0.0484711
12 55.00 -0.0456697
12 56.00 -0.0423124
12 57.00 -0.0390306
12 58.00 -0.0370861
12 59.00 -0.0375587
12 60.00 -0.0408459
12 61.00 -0.047066
12 62.00 -0.0547457
12 63.00 -0.0629082
12 64.00 -0.0695051
12 65.00 -0.0739464
12 66.00 -0.0748
12 67.00 -0.0733223
12 68.00 -0.0702427
12 69.00 -0.0679147
12 70.00 -0.0661634
12 71.00 -0.0664858
12 72.00 -0.0682028
12 73.00 -0.0708255
12 74.00 -0.0733333
12 75.00 -0.0751445
12 76.00 -0.075618
12 77.00 -0.0750969
12 78.00 -0.0731473
12 79.00 -0.0698337
12 80.00 -0.0662313
12 81.00 -0.0620155
12 82.00 -0.0573079
12 83.00 -0.0522227
12 84.00 -0.0464241
12 85.00 -0.0408576
12 86.00 -0.0344019
12 87.00 -0.0275576
12 88.00 -0.020051
12 89.00 -0.0123326
12 90.00 -0.00443383
12 91.00 0.00429894
12 92.00 0.0131748
12 93.00 0.0222292
12 94.00 0.0311831
12 95.00 0.0397965
12 96.00 0.0484297
12 97.00 0.0562933
12 98.00 0.0637632
12 99.00 0.0706843
12 100.00 0.0771381
12 101.00 0.0829621
12 102.00 0.0879243
12 103.00 0.0917969
12 104.00 0.0939428
12 105.00 0.0940147
12 106.00 0.0926926
12 107.00 0.0898941
12 108.00 0.0864803
12 109.00 0.083285
12 110.00 0.0809942
12 111.00 0.0805547
12 112.00 0.0818399
12 113.00 0.0846481
12 114.00 0.088208
12 115.00 0.0915716
12 116.00 0.0933333
12 117.00 0.0924875
12 118.00 0.0890716
12 119.00 0.0830705
12 120.00 0.0750804
12 121.00 0.0661818
12 122.00 0.0571956
12 123.00 0.0497941
12 124.00 0.0433295
12 125.00 0.0374952
12 126.00 0.0319023
12 127.00 0.0261149
12 128.00 0.0192702
12 129.00 0.0108696
12 130.00 0.00170358
12 131.00 -0.00822867
12 132.00 -0.0189011
12 133.00 -0.0298308
12 134.00 -0.0405041
12 135.00 -0.0517476
12 136.00 -0.0621856
12 137.00 -0.0717902
12 138.00 -0.0805556
12 139.00 -0.0885368
12 140.00 -0.0953947
12 141.00 -0.101044
12 142.00 -0.106852
12 143.00 -0.111864
12 144.00 -0.115892
12 145.00 -0.119388
12 146.00 -0.121333
12 147.00 -0.121622
12 148.00 -0.121227
12 149.00 -0.119576
12 150.00 -0.118182
12 151.00 -0.116103
12 152.00 -0.113293
12 153.00 -0.110553
12 154.00 -0.106479
12 155.00 -0.102164
12 156.00 -0.0975733
12 157.00 -0.0937341
12 158.00 -0.0904884
12 159.00 -0.0879292
12 160.00 -0.0855784
12 161.00 -0.0819407
12 162.00 -0.0763697
12 163.00 -0.0683761
12 164.00 -0.0590643
12 165.00 -0.0493167
12 166.00 -0.0432977
12 167.00 -0.0406504
12 168.00 -0.041573
12 169.00 -0.0433135
12 170.00 -0.0435467
12 171.00 -0.0393661
12 172.00 -0.0303181
12 173.00 -0.0175856
12 174.00 -0.00528867
12 175.00 0.00316206
12 176.00 0.00625
12 177.00 0.00549283
12 178.00 0.00301452
12 179.00 0.000766284
12 180.00 0
13 0.00 0
13 1.00 -0.000109956
13 2.00 -0.000437113
13 3.00 -0.000969102
13 4.00 -0.00167977
13 5.00 -0.00252187
13 6.00 -0.00341123
13 7.00 -0.00422416
13 8.00 -0.00480547
13 9.00 -0.00502165
13 10.00 -0.00482663
13 11.00 -0.00428991
13 12.00 -0.00351609
13 13.00 -0.00249361
13 14.00 -0.000988927
13 15.00 0.00144594
13 16.00 0.00523909
13 17.00 0.0105392
13 18.00 0.0170037
13 19.00 0.0239386
13 20.00 0.0305393
13 21.00 0.0361521
13 22.00 0.040376
13 23.00 0.0429471
13 24.00 0.0438531
13 25.00 0.0432099
13 26.00 0.041471
13 27.00 0.038961
13 28.00 0.0358732
13 29.00 0.0322353
13 30.00 0.0279154
13 31.00 0.0226449
13 32.00 0.0163726
13 33.00 0.00931255
13 34.00 0.00201068
13 35.00 -0.00483092
13 36.00 -0.0104183
13 37.00 -0.0143439
13 38.00 -0.0164364
13 39.00 -0.0170629
13 40.00 -0.0168665
13 41.00 -0.0165913
13 42.00 -0.0165923
13 43.00 -0.0174348
13 44.00 -0.0190327
13 45.00 -0.0213807
13 46.00 -0.0241307
13 47.00 -0.0264423
13 48.00 -0.0279149
13 49.00 -0.0277728
13 50.00 -0.0259765
13 51.00 -0.0230442
13 52.00 -0.0200361
13 53.00 -0.0181061
13 54.00 -0.0187446
13 55.00 -0.022376
13 56.00 -0.028839
13 57.00 -0.036301
13 58.00 -0.0424743
13 59.00 -0.0448171
13 60.00 -0.0410207
13 61.00 -0.0311337
13 62.00 -0.0172051
13 63.00 -0.00253623
13 64.00 0.00896526
13 65.00 0.0154321
13 66.00 0.0163934
13 67.00 0.012474
13 68.00 0.00519481
13 69.00 -0.00360036
13 70.00 -0.0111888
13 71.00 -0.0168188
13 72.00 -0.0196754
13 73.00 -0.021021
13 74.00 -0.0212658
13 75.00 -0.0213958
13 76.00 -0.0214067
13 77.00 -0.0223011
13 78.00 -0.0235471
13 79.00 -0.0236337
13 80.00 -0.0231103
13 81.00 -0.0206476
13 82.00 -0.0164159
13 83.00 -0.0110668
13 84.00 -0.00515021
13 85.00 0.0004158
13 86.00 0.00563607
13 87.00 0.0105222
13 88.00 0.0143396
13 89.00 0.0179094
13 90.00 0.0209072
13 91.00 0.0237358
13 92.00 0.0257525
13 93.00 0.0279857
13 94.00 0.0294864
13 95.00 0.0315399
13 96.00 0.0341081
13 97.00 0.0377693
13 98.00 0.0428117
13 99.00 0.0497583
13 100.00 0.0583614
13 101.00 0.0678532
13 102.00 0.0780299
13 103.00 0.0879425
13 104.00 0.0970605
13 105.00 0.104632
13 106.00 0.110955
13 107.00 0.115987
13 108.00 0.119468
13 109.00 0.121872
13 110.00 0.122823
13 111.00 0.122393
13 112.00 0.120063
13 113.00 0.115803
13 114.00 0.110169
13 115.00 0.10378
13 116.00 0.097372
13 117.00 0.0914697
13 118.00 0.0866224
13 119.00 0.082559
13 120.00 0.0778267
13 121.00 0.0710775
13 122.00 0.0615265
13 123.00 0.0492591
13 124.00 0.0336066
13 125.00 0.0171119
13 126.00 0.000845309
13 127.00 -0.0132253
13 128.00 -0.0245267
13 129.00 -0.0334347
13 130.00 -0.0412462
13 131.00 -0.0484229
13 132.00 -0.0558056
13 133.00 -0.0633835
13 134.00 -0.071066
13 135.00 -0.0783582
13 136.00 -0.0843146
13 137.00 -0.0884451
13 138.00 -0.0912146
13 139.00 -0.0921435
13 140.00 -0.0921117
13 141.00 -0.0916295
13 142.00 -0.0912281
13 143.00 -0.0918316
13 144.00 -0.0940391
13 145.00 -0.0978148
13 146.00 -0.103104
13 147.00 -0.109458
13 148.00 -0.115158
13 149.00 -0.119266
13 150.00 -0.12113
13 151.00 -0.121311
13 152.00 -0.119583
13 153.00 -0.117453
13 154.00 -0.115068
13 155.00 -0.111475
13 156.00 -0.106325
13 157.00 -0.0992366
13 158.00 -0.090312
13 159.00 -0.0798458
13 160.00 -0.0682575
13 161.00 -0.055991
13 162.00 -0.0424208
13 163.00 -0.0274914
13 164.00 -0.012761
13 165.00 -0.00117096
13 166.00 0.00526624
13 167.00 0.00230017
13 168.00 -0.00779076
13 169.00 -0.0218783
13 170.00 -0.0327701
13 171.00 -0.0361207
13 172.00 -0.0302594
13 173.00 -0.0157044
13 174.00 0.000865052
13 175.00 0.0128806
13 176.00 0.0160849
13 177.00 0.0128205
13 178.00 0.00688924
13 179.00 0.00195934
13 180.00 0
14 0.00 0
14 1.00 -0.00015156
14 2.00 -0.000602595
14 3.00 -0.00134273
14 4.00 -0.00234263
14 5.00 -0.00353686
14 6.00 -0.00479593
14 7.00 -0.00589801
14 8.00 -0.00653486
14 9.00 -0.00638913
14 10.00 -0.00525783
14 11.00 -0.00310862
14 12.00 1.82339e-05
14 13.00 0.00414285
14 14.00 0.00920468
14 15.00 0.0149054
14 16.00 0.0206129
14 17.00 0.025574
14 18.00 0.029474
14 19.00 0.0325295
14 20.00 0.0351903
14 21.00 0.037842
14 22.00 0.0405963
14 23.00 0.0431497
14 24.00 0.0450295
14 25.00 0.0457141
14 26.00 0.0447742
14 27.00 0.0419263
14 28.00 0.0370624
14 29.00 0.0305914
14 30.00 0.023137
14 31.00 0.0158721
14 32.00 0.00991125
14 33.00 0.00610518
14 34.00 0.00459327
14 35.00 0.00489152
14 36.00 0.00587002
14 37.00 0.00614645
14 38.00 0.00464103
14 39.00 0.00111044
14 40.00 -0.00420803
14 41.00 -0.0104022
14 42.00 -0.0157198
14 43.00 -0.0187533
14 44.00 -0.0181869
14 45.00 -0.0139501
14 46.00 -0.00718545
14 47.00 -0.000158504
14 48.00 0.00493746
14 49.00 0.00619835
14 50.00 0.0029128
14 51.00 -0.00428266
14 52.00 -0.0132131
14 53.00 -0.0206022
14 54.00 -0.0230975
14 55.00 -0.0183463
14 56.00 -0.00651643
14 57.00 0.00847937
14 58.00 0.0225674
14 59.00 0.0310313
14 60.00 0.0320533
14 61.00 0.0256325
14 62.00 0.0140302
14 63.00 0.000740741
14 64.00 -0.0109461
14 65.00 -0.0181145
14 66.00 -0.0207254
14 67.00 -0.0198646
14 68.00 -0.0169173
14 69.00 -0.0131515
14 70.00 -0.0100402
14 71.00 -0.0061665
14 72.00 -0.0015674
14 73.00 0.00369198
14 74.00 0.00847009
14 75.00 0.0126984
14 76.00 0.0142405
14 77.00 0.0131234
14 78.00 0.00990099
14 79.00 0.00464157
14 80.00 -0.00050813
14 81.00 -0.0049776
14 82.00 -0.0077557
14 83.00 -0.00845467
14 84.00 -0.00724966
14 85.00 -0.00479512
14 86.00 -0.00083717
14 87.00 0.00401284
14 88.00 0.00961169
14 89.00 0.0169429
14 90.00 0.0254417
14 91.00 0.0349983
14 92.00 0.0458866
14 93.00 0.0574239
14 94.00 0.0684762
14 95.00 0.0788919
14 96.00 0.0882527
14 97.00 0.096165
14 98.00 0.102814
14 99.00 0.108293
14 100.00 0.112372
14 101.00 0.115363
14 102.00 0.116913
14 103.00 0.117312
14 104.00 0.116485
14 105.00 0.114697
14 106.00 0.112565
14 107.00 0.11
14 108.00 0.107036
14 109.00 0.104179
14 110.00 0.10077
14 111.00 0.0970477
14 112.00 0.0935897
14 113.00 0.0897772
14 114.00 0.0858772
14 115.00 0.0814993
14 116.00 0.075485
14 117.00 0.0679436
14 118.00 0.0583456
14 119.00 0.0469748
14 120.00 0.0358232
14 121.00 0.0262245
14 122.00 0.0191257
14 123.00 0.0150674
14 124.00 0.0129555
14 125.00 0.0108018
14 126.00 0.00727428
14 127.00 -0.000440723
14 128.00 -0.0117594
14 129.00 -0.025369
14 130.00 -0.0402057
14 131.00 -0.0532768
14 132.00 -0.0640721
14 133.00 -0.072623
14 134.00 -0.0795564
14 135.00 -0.0867446
14 136.00 -0.0946279
14 137.00 -0.103088
14 138.00 -0.110497
14 139.00 -0.116903
14 140.00 -0.12112
14 141.00 -0.1234
14 142.00 -0.124678
14 143.00 -0.124091
14 144.00 -0.122706
14 145.00 -0.120955
14 146.00 -0.118753
14 147.00 -0.116975
14 148.00 -0.114898
14 149.00 -0.113573
14 150.00 -0.111853
14 151.00 -0.109314
14 152.00 -0.106205
14 153.00 -0.102464
14 154.00 -0.0991041
14 155.00 -0.096648
14 156.00 -0.094392
14 157.00 -0.0915609
14 158.00 -0.086169
14 159.00 -0.0773026
14 160.00 -0.0660793
14 161.00 -0.0515521
14 162.00 -0.0363128
14 163.00 -0.0202361
14 164.00 -0.00282326
14 165.00 0.0141403
14 166.00 0.0292958
14 167.00 0.0377778
14 168.00 0.0372973
14 169.00 0.028125
14 170.00 0.0140351
14 171.00 0.00194458
14 172.00 -0.00285714
14 173.00 0.00139795
14 174.00 0.0120214
14 175.00 0.0211554
14 176.00 0.022792
14 177.00 0.0171359
14 178.00 0.00881881
14 179.00 0.00243843
14 180.00 0
15 0.00 0
15 1.00 -6.3015e-05
15 2.00 -0.000243097
15 3.00 -0.000508676
15 4.00 -0.000796763
15 5.00 -0.000998258
15 6.00 -0.000953847
15 7.00 -0.000465066
15 8.00 0.000615261
15 9.00 0.00230031
15 10.00 0.00446613
15 11.00 0.00705704
15 12.00 0.0102473
15 13.00 0.0143684
15 14.00 0.0195206
15 15.00 0.0253636
15 16.00 0.0312031
15 17.00 0.0364075
15 18.00 0.0407407
15 19.00 0.0441933
15 20.00 0.04665
15 21.00 0.0480316
15 22.00 0.0481184
15 23.00 0.0468952
15 24.00 0.0445079
15 25.00 0.0411993
15 26.00 0.0373068
15 27.00 0.0331845
15 28.00 0.0291733
15 29.00 0.0255017
15 30.00 0.0221034
15 31.00 0.0187564
15 32.00 0.0154254
15 33.00 0.012188
15 34.00 0.00913383
15 35.00 0.00636101
15 36.00 0.00379691
15 37.00 0.0012292
15 38.00 -0.00121581
15 39.00 -0.00324781
15 40.00 -0.00379049
15 41.00 -0.00180941
15 42.00 0.00288329
15 43.00 0.00958053
15 44.00 0.01606
15 45.00 0.0203655
15 46.00 0.0206307
15 47.00 0.0164245
15 48.00 0.00855578
15 49.00 -0.000744186
15 50.00 -0.00804667
15 51.00 -0.0103093
15 52.00 -0.00745931
15 53.00 -0.00094162
15 54.00 0.00537766
15 55.00 0.0089172
15 56.00 0.00829764
15 57.00 0.00425532
15 58.00 -0.00151194
15 59.00 -0.00646204
15 60.00 -0.00930393
15 61.00 -0.00915416
15 62.00 -0.00774293
15 63.00 -0.0057073
15 64.00 -0.00384615
15 65.00 -0.00133749
15 66.00 0.00370199
15 67.00 0.0114723
15 68.00 0.0201573
15 69.00 0.0272315
15 70.00 0.0299432
15 71.00 0.0269271
15 72.00 0.0193966
15 73.00 0.0104053
15 74.00 0.0033241
15 75.00 0
15 76.00 0.00166482
15 77.00 0.00605061
15 78.00 0.0113759
15 79.00 0.0164544
15 80.00 0.0207039
15 81.00 0.0256153
15 82.00 0.0305825
15 83.00 0.0364656
15 84.00 0.0426774
15 85.00 0.0482967
15 86.00 0.053394
15 87.00 0.0580748
15 88.00 0.061974
15 89.00 0.0651934
15 90.00 0.0689165
15 91.00 0.0724091
15 92.00 0.0757979
15 93.00 0.0791344
15 94.00 0.0815748
15 95.00 0.0835388
15 96.00 0.0847971
15 97.00 0.0853731
15 98.00 0.0856215
15 99.00 0.0858231
15 100.00 0.0862974
15 101.00 0.0872854
15 102.00 0.0888177
15 103.00 0.0909623
15 104.00 0.0933726
15 105.00 0.0958333
15 106.00 0.0973771
15 107.00 0.0978893
15 108.00 0.0975458
15 109.00 0.0962449
15 110.00 0.0948718
15 111.00 0.0931596
15 112.00 0.092114
15 113.00 0.0914614
15 114.00 0.0905647
15 115.00 0.0894051
15 116.00 0.0872072
15 117.00 0.0838877
15 118.00 0.079347
15 119.00 0.0726562
15 120.00 0.0639582
15 121.00 0.051717
15 122.00 0.0360322
15 123.00 0.0176953
15 124.00 -0.00218245
15 125.00 -0.0197802
15 126.00 -0.0336134
15 127.00 -0.0420206
15 128.00 -0.0468608
15 129.00 -0.0503497
15 130.00 -0.0556088
15 131.00 -0.0644368
15 132.00 -0.0772317
15 133.00 -0.0922453
15 134.00 -0.10529
15 135.00 -0.114562
15 136.00 -0.120347
15 137.00 -0.123014
15 138.00 -0.125129
15 139.00 -0.128004
15 140.00 -0.131398
15 141.00 -0.13525
15 142.00 -0.138338
15 143.00 -0.139698
15 144.00 -0.138904
15 145.00 -0.135991
15 146.00 -0.131057
15 147.00 -0.124165
15 148.00 -0.116187
15 149.00 -0.108062
15 150.00 -0.100811
15 151.00 -0.0942623
15 152.00 -0.0885478
15 153.00 -0.0831848
15 154.00 -0.0782557
15 155.00 -0.073741
15 156.00 -0.0701439
15 157.00 -0.0680191
15 158.00 -0.0662722
15 159.00 -0.0628303
15 160.00 -0.0561404
15 161.00 -0.0462259
15 162.00 -0.0352113
15 163.00 -0.0258824
15 164.00 -0.0199648
15 165.00 -0.0175029
15 166.00 -0.0167436
15 167.00 -0.0181715
15 168.00 -0.0232301
15 169.00 -0.0319659
15 170.00 -0.0428353
15 171.00 -0.0504902
15 172.00 -0.0490944
15 173.00 -0.034531
15 174.00 -0.0103604
15 175.00 0.0133445
15 176.00 0.024945
15 177.00 0.0219505
15 178.00 0.0121885
15 179.00 0.00342633
15 180.00 0
