2 0.00 0
2 1.00 7.95883e-05
2 2.00 0.00029244
2 3.00 0.000666969
2 4.00 0.00117964
2 5.00 0.00183461
2 6.00 0.00263727
2 7.00 0.00359421
2 8.00 0.00468559
2 9.00 0.00591982
2 10.00 0.00730633
2 11.00 0.00882709
2 12.00 0.0104928
2 13.00 0.0123009
2 14.00 0.0142482
2 15.00 0.0163322
2 16.00 0.0185657
2 17.00 0.0209146
2 18.00 0.0234069
2 19.00 0.0260228
2 20.00 0.0287743
2 21.00 0.0316564
2 22.00 0.0346635
2 23.00 0.0377864
2 24.00 0.0410365
2 25.00 0.044403
2 26.00 0.0478723
2 27.00 0.0514738
2 28.00 0.0551689
2 29.00 0.0589852
2 30.00 0.0628777
2 31.00 0.0668961
2 32.00 0.0709881
2 33.00 0.0751802
2 34.00 0.0794672
2 35.00 0.0838161
2 36.00 0.0882453
2 37.00 0.0927483
2 38.00 0.0973433
2 39.00 0.101955
2 40.00 0.106668
2 41.00 0.111394
2 42.00 0.116193
2 43.00 0.121052
2 44.00 0.125939
2 45.00 0.130839
2 46.00 0.135776
2 47.00 0.140763
2 48.00 0.145743
2 49.00 0.150738
2 50.00 0.155773
2 51.00 0.160827
2 52.00 0.16581
2 53.00 0.170821
2 54.00 0.17591
2 55.00 0.180921
2 56.00 0.185962
2 57.00 0.190943
2 58.00 0.195917
2 59.00 0.200951
2 60.00 0.205934
2 61.00 0.210835
2 62.00 0.215881
2 63.00 0.220801
2 64.00 0.22573
2 65.00 0.230626
2 66.00 0.235601
2 67.00 0.240415
2 68.00 0.245466
2 69.00 0.250299
2 70.00 0.255229
2 71.00 0.260068
2 72.00 0.265021
2 73.00 0.269934
2 74.00 0.274949
2 75.00 0.279846
2 76.00 0.28494
2 77.00 0.289952
2 78.00 0.294961
2 79.00 0.299865
2 80.00 0.304989
2 81.00 0.310085
2 82.00 0.314941
2 83.00 0.320021
2 84.00 0.325135
2 85.00 0.330165
2 86.00 0.335357
2 87.00 0.340203
2 88.00 0.345466
2 89.00 0.350095
2 90.00 0.355103
2 91.00 0.359946
2 92.00 0.364936
2 93.00 0.369573
2 94.00 0.374077
2 95.00 0.378656
2 96.00 0.382904
2 97.00 0.387485
2 98.00 0.391269
2 99.00 0.395349
2 100.00 0.399132
2 101.00 0.40258
2 102.00 0.405837
2 103.00 0.408879
2 104.00 0.411202
2 105.00 0.413523
2 106.00 0.415747
2 107.00 0.41765
2 108.00 0.419203
2 109.00 0.419839
2 110.00 0.420822
2 111.00 0.420582
2 112.00 0.420902
2 113.00 0.420163
2 114.00 0.418895
2 115.00 0.416717
2 116.00 0.414815
2 117.00 0.412319
2 118.00 0.408829
2 119.00 0.405599
2 120.00 0.401059
2 121.00 0.3961
2 122.00 0.390444
2 123.00 0.384615
2 124.00 0.378074
2 125.00 0.371083
2 126.00 0.363374
2 127.00 0.355474
2 128.00 0.346863
2 129.00 0.338553
2 130.00 0.328819
2 131.00 0.318907
2 132.00 0.309105
2 133.00 0.298151
2 134.00 0.287374
2 135.00 0.27648
2 136.00 0.265051
2 137.00 0.254118
2 138.00 0.242138
2 139.00 0.230527
2 140.00 0.218898
2 141.00 0.20771
2 142.00 0.196386
2 143.00 0.184953
2 144.00 0.174219
2 145.00 0.162646
2 146.00 0.152595
2 147.00 0.141757
2 148.00 0.1317
2 149.00 0.122433
2 150.00 0.113208
2 151.00 0.10412
2 152.00 0.0958395
2 153.00 0.0876289
2 154.00 0.0802334
2 155.00 0.0729769
2 156.00 0.0658554
2 157.00 0.0595322
2 158.00 0.0533333
2 159.00 0.04795
2 160.00 0.0426703
2 161.00 0.0381471
2 162.00 0.0337382
2 163.00 0.0294118
2 164.00 0.0258278
2 165.00 0.0223244
2 166.00 0.0188679
2 167.00 0.0161394
2 168.00 0.0134529
2 169.00 0.0114431
2 170.00 0.00947568
2 171.00 0.00753296
2 172.00 0.00561798
2 173.00 0.00434783
2 174.00 0.00309023
2 175.00 0.00246305
2 176.00 0.00122775
2 177.00 0.00061237
2 178.00 0.000611247
2 179.00 0
2 180.00 0
3 0.00 0
3 1.00 3.74428e-05
3 2.00 0.00015044
3 3.00 0.000333437
3 4.00 0.0005896
3 5.00 0.000923411
3 6.00 0.00131709
3 7.00 0.00178467
3 8.00 0.00230918
3 9.00 0.00289792
3 10.00 0.00354189
3 11.00 0.0042312
3 12.00 0.00497297
3 13.00 0.00575581
3 14.00 0.00656607
3 15.00 0.00740794
3 16.00 0.00827455
3 17.00 0.00914548
3 18.00 0.0100311
3 19.00 0.0109178
3 20.00 0.0117882
3 21.00 0.0126481
3 22.00 0.0134892
3 23.00 0.0142855
3 24.00 0.015054
3 25.00 0.0157809
3 26.00 0.0164501
3 27.00 0.017081
3 28.00 0.0176582
3 29.00 0.018163
3 30.00 0.0186213
3 31.00 0.019018
3 32.00 0.0193632
3 33.00 0.0196418
3 34.00 0.019901
3 35.00 0.020136
3 36.00 0.0203409
3 37.00 0.0205495
3 38.00 0.0207661
3 39.00 0.0209934
3 40.00 0.021237
3 41.00 0.0215534
3 42.00 0.0219094
3 43.00 0.02237
3 44.00 0.0228989
3 45.00 0.0235744
3 46.00 0.0242896
3 47.00 0.025122
3 48.00 0.0261696
3 49.00 0.0272251
3 50.00 0.0285422
3 51.00 0.0298911
3 52.00 0.0313658
3 53.00 0.0329791
3 54.00 0.034643
3 55.00 0.0364647
3 56.00 0.0383446
3 57.00 0.0402849
3 58.00 0.0422844
3 59.00 0.0442131
3 60.00 0.0463238
3 61.00 0.0483464
3 62.00 0.0502637
3 63.00 0.0522049
3 64.00 0.0540129
3 65.00 0.0558304
3 66.00 0.0574797
3 67.00 0.0591284
3 68.00 0.0605637
3 69.00 0.061772
3 70.00 0.0629325
3 71.00 0.0638059
3 72.00 0.064629
3 73.00 0.0653753
3 74.00 0.0657796
3 75.00 0.0660942
3 76.00 0.0663073
3 77.00 0.0661088
3 78.00 0.0660895
3 79.00 0.0656325
3 80.00 0.0653514
3 81.00 0.0649268
3 82.00 0.0643678
3 83.00 0.0640244
3 84.00 0.0635253
3 85.00 0.062927
3 86.00 0.0625463
3 87.00 0.0620716
3 88.00 0.0618637
3 89.00 0.0619718
3 90.00 0.0619835
3 91.00 0.0619169
3 92.00 0.0626632
3 93.00 0.0633646
3 94.00 0.0644719
3 95.00 0.0655738
3 96.00 0.0671141
3 97.00 0.0686948
3 98.00 0.0707476
3 99.00 0.073371
3 100.00 0.0760357
3 101.00 0.0787359
3 102.00 0.0815098
3 103.00 0.0849162
3 104.00 0.0883694
3 105.00 0.0924956
3 106.00 0.0961424
3 107.00 0.100484
3 108.00 0.104321
3 109.00 0.108874
3 110.00 0.112965
3 111.00 0.117147
3 112.00 0.121495
3 113.00 0.12585
3 114.00 0.129771
3 115.00 0.133758
3 116.00 0.137906
3 117.00 0.141384
3 118.00 0.145004
3 119.00 0.147893
3 120.00 0.151017
3 121.00 0.153355
3 122.00 0.154849
3 123.00 0.156406
3 124.00 0.158029
3 125.00 0.158716
3 126.00 0.158547
3 127.00 0.157324
3 128.00 0.156971
3 129.00 0.154426
3 130.00 0.151777
3 131.00 0.14902
3 132.00 0.145854
3 133.00 0.140387
3 134.00 0.135751
3 135.00 0.130664
3 136.00 0.124197
3 137.00 0.117391
3 138.00 0.110254
3 139.00 0.102679
3 140.00 0.0936795
3 141.00 0.0855188
3 142.00 0.0770115
3 143.00 0.0694444
3 144.00 0.0605355
3 145.00 0.0525088
3 146.00 0.0444444
3 147.00 0.036215
3 148.00 0.0291375
3 149.00 0.0220674
3 150.00 0.0161663
3 151.00 0.0103093
3 152.00 0.00453515
3 153.00 0
3 154.00 -0.00442478
3 155.00 -0.00762527
3 156.00 -0.0096463
3 157.00 -0.0126316
3 158.00 -0.0134298
3 159.00 -0.0151822
3 160.00 -0.0158416
3 161.00 -0.0155039
3 162.00 -0.0151515
3 163.00 -0.0148148
3 164.00 -0.0144796
3 165.00 -0.0132626
3 166.00 -0.0121003
3 167.00 -0.0109983
3 168.00 -0.00993377
3 169.00 -0.0081103
3 170.00 -0.0071599
3 171.00 -0.00625489
3 172.00 -0.00461184
3 173.00 -0.00378788
3 174.00 -0.00298954
3 175.00 -0.00221729
3 176.00 -0.00146413
3 177.00 -0.000726744
3 178.00 0
3 179.00 0
3 180.00 0
4 0.00 0
4 1.00 0
4 2.00 -5.25544e-06
4 3.00 -1.06462e-05
4 4.00 -2.70947e-05
4 5.00 -4.98969e-05
4 6.00 -8.55003e-05
4 7.00 -0.000135436
4 8.00 -0.000201688
4 9.00 -0.000299497
4 10.00 -0.000427062
4 11.00 -0.000596433
4 12.00 -0.000807443
4 13.00 -0.00105967
4 14.00 -0.00137712
4 15.00 -0.00174489
4 16.00 -0.00218077
4 17.00 -0.00267568
4 18.00 -0.00324886
4 19.00 -0.00387638
4 20.00 -0.00457511
4 21.00 -0.0053381
4 22.00 -0.00615394
4 23.00 -0.00702166
4 24.00 -0.00793858
4 25.00 -0.00888213
4 26.00 -0.00986201
4 27.00 -0.0108705
4 28.00 -0.0118741
4 29.00 -0.012881
4 30.00 -0.0139049
4 31.00 -0.0149068
4 32.00 -0.0159326
4 33.00 -0.0169428
4 34.00 -0.0179612
4 35.00 -0.0189791
4 36.00 -0.0200328
4 37.00 -0.0210304
4 38.00 -0.0220981
4 39.00 -0.023141
4 40.00 -0.0242042
4 41.00 -0.0252839
4 42.00 -0.0263798
4 43.00 -0.0274882
4 44.00 -0.0286784
4 45.00 -0.0298866
4 46.00 -0.0311877
4 47.00 -0.0325121
4 48.00 -0.0340338
4 49.00 -0.0355987
4 50.00 -0.0372984
4 51.00 -0.0391592
4 52.00 -0.0411917
4 53.00 -0.043416
4 54.00 -0.0457294
4 55.00 -0.0483914
4 56.00 -0.0511706
4 57.00 -0.05407
4 58.00 -0.0570851
4 59.00 -0.060373
4 60.00 -0.0637895
4 61.00 -0.0671359
4 62.00 -0.0705905
4 63.00 -0.0739492
4 64.00 -0.0773538
4 65.00 -0.0806067
4 66.00 -0.0836536
4 67.00 -0.0867107
4 68.00 -0.0895047
4 69.00 -0.091998
4 70.00 -0.0944195
4 71.00 -0.0964912
4 72.00 -0.0981839
4 73.00 -0.0997067
4 74.00 -0.100817
4 75.00 -0.10206
4 76.00 -0.102539
4 77.00 -0.10314
4 78.00 -0.103565
4 79.00 -0.103484
4 80.00 -0.103214
4 81.00 -0.102742
4 82.00 -0.102094
4 83.00 -0.100879
4 84.00 -0.099844
4 85.00 -0.0982107
4 86.00 -0.0964344
4 87.00 -0.094433
4 88.00 -0.0918624
4 89.00 -0.0895141
4 90.00 -0.0865801
4 91.00 -0.0834431
4 92.00 -0.0797327
4 93.00 -0.076298
4 94.00 -0.0722781
4 95.00 -0.0681186
4 96.00 -0.0637899
4 97.00 -0.0593542
4 98.00 -0.0547814
4 99.00 -0.0495868
4 100.00 -0.0447614
4 101.00 -0.0398208
4 102.00 -0.0342569
4 103.00 -0.0290668
4 104.00 -0.0237481
4 105.00 -0.0182959
4 106.00 -0.0121822
4 107.00 -0.00644122
4 108.00 -0.000544366
4 109.00 0.00496963
4 110.00 0.0112108
4 111.00 0.0170843
4 112.00 0.0237131
4 113.00 0.03
4 114.00 0.0365051
4 115.00 0.0426309
4 116.00 0.0490074
4 117.00 0.0555907
4 118.00 0.0618158
4 119.00 0.0682863
4 120.00 0.074347
4 121.00 0.0806562
4 122.00 0.0864714
4 123.00 0.0925267
4 124.00 0.0980392
4 125.00 0.102298
4 126.00 0.107413
4 127.00 0.111197
4 128.00 0.114173
4 129.00 0.117269
4 130.00 0.118755
4 131.00 0.119366
4 132.00 0.119898
4 133.00 0.118615
4 134.00 0.1163
4 135.00 0.112903
4 136.00 0.108478
4 137.00 0.102778
4 138.00 0.0958647
4 139.00 0.0877026
4 140.00 0.0772201
4 141.00 0.0664712
4 142.00 0.055336
4 143.00 0.0419162
4 144.00 0.028169
4 145.00 0.01417
4 146.00 0
4 147.00 -0.0153218
4 148.00 -0.0296827
4 149.00 -0.0440123
4 150.00 -0.0572012
4 151.00 -0.0702648
4 152.00 -0.0810537
4 153.00 -0.0915493
4 154.00 -0.0998004
4 155.00 -0.106719
4 156.00 -0.111328
4 157.00 -0.114754
4 158.00 -0.11597
4 159.00 -0.115061
4 160.00 -0.113155
4 161.00 -0.109206
4 162.00 -0.10354
4 163.00 -0.0980052
4 164.00 -0.0907549
4 165.00 -0.0829187
4 166.00 -0.0745543
4 167.00 -0.0657165
4 168.00 -0.057187
4 169.00 -0.0490566
4 170.00 -0.0413284
4 171.00 -0.0339105
4 172.00 -0.0268551
4 173.00 -0.02079
4 174.00 -0.0149864
4 175.00 -0.0107311
4 176.00 -0.00662252
4 177.00 -0.00393185
4 178.00 -0.00195185
4 179.00 -0.000647668
4 180.00 0
5 0.00 0
5 1.00 -2.49239e-05
5 2.00 -0.000100842
5 3.00 -0.000226961
5 4.00 -0.000408897
5 5.00 -0.000650207
5 6.00 -0.000947001
5 7.00 -0.00131042
5 8.00 -0.00173842
5 9.00 -0.00223905
5 10.00 -0.00280931
5 11.00 -0.0034559
5 12.00 -0.0041712
5 13.00 -0.00495642
5 14.00 -0.00580981
5 15.00 -0.00672552
5 16.00 -0.0077019
5 17.00 -0.00872437
5 18.00 -0.00979359
5 19.00 -0.010911
5 20.00 -0.012065
5 21.00 -0.0132713
5 22.00 -0.0145365
5 23.00 -0.0158719
5 24.00 -0.0172749
5 25.00 -0.0187634
5 26.00 -0.0203607
5 27.00 -0.0220744
5 28.00 -0.0239124
5 29.00 -0.0259099
5 30.00 -0.0279934
5 31.00 -0.0302217
5 32.00 -0.0326012
5 33.00 -0.0350669
5 34.00 -0.0376869
5 35.00 -0.0404253
5 36.00 -0.0432781
5 37.00 -0.0462451
5 38.00 -0.0494252
5 39.00 -0.0527809
5 40.00 -0.0563252
5 41.00 -0.0601235
5 42.00 -0.0642068
5 43.00 -0.0685969
5 44.00 -0.0732345
5 45.00 -0.0781329
5 46.00 -0.0832958
5 47.00 -0.0886307
5 48.00 -0.094114
5 49.00 -0.0997176
5 50.00 -0.105318
5 51.00 -0.110717
5 52.00 -0.115963
5 53.00 -0.120872
5 54.00 -0.125633
5 55.00 -0.129751
5 56.00 -0.133558
5 57.00 -0.13704
5 58.00 -0.139968
5 59.00 -0.142459
5 60.00 -0.144442
5 61.00 -0.146083
5 62.00 -0.147558
5 63.00 -0.148705
5 64.00 -0.14947
5 65.00 -0.150072
5 66.00 -0.150522
5 67.00 -0.151094
5 68.00 -0.151305
5 69.00 -0.151432
5 70.00 -0.151463
5 71.00 -0.151391
5 72.00 -0.151296
5 73.00 -0.150867
5 74.00 -0.150397
5 75.00 -0.149935
5 76.00 -0.149149
5 77.00 -0.148022
5 78.00 -0.146588
5 79.00 -0.144835
5 80.00 -0.143167
5 81.00 -0.140809
5 82.00 -0.138163
5 83.00 -0.135227
5 84.00 -0.132054
5 85.00 -0.128205
5 86.00 -0.124165
5 87.00 -0.119492
5 88.00 -0.114984
5 89.00 -0.109943
5 90.00 -0.104277
5 91.00 -0.0985222
5 92.00 -0.0930136
5 93.00 -0.0865585
5 94.00 -0.080402
5 95.00 -0.0741677
5 96.00 -0.06743
5 97.00 -0.0610329
5 98.00 -0.0545298
5 99.00 -0.0479896
5 100.00 -0.0413403
5 101.00 -0.0346188
5 102.00 -0.0282561
5 103.00 -0.0218069
5 104.00 -0.0152603
5 105.00 -0.00905387
5 106.00 -0.00274223
5 107.00 0.00323176
5 108.00 0.00933271
5 109.00 0.0155734
5 110.00 0.0219675
5 111.00 0.02853
5 112.00 0.0348039
5 113.00 0.041273
5 114.00 0.0474508
5 115.00 0.0538738
5 116.00 0.0605112
5 117.00 0.0674456
5 118.00 0.0740941
5 119.00 0.0805295
5 120.00 0.0866629
5 121.00 0.0931034
5 122.00 0.0992949
5 123.00 0.105105
5 124.00 0.110633
5 125.00 0.115167
5 126.00 0.119201
5 127.00 0.122691
5 128.00 0.125
5 129.00 0.126556
5 130.00 0.126681
5 131.00 0.125904
5 132.00 0.123521
5 133.00 0.119245
5 134.00 0.113846
5 135.00 0.106583
5 136.00 0.098008
5 137.00 0.0881877
5 138.00 0.0762295
5 139.00 0.0630705
5 140.00 0.0486986
5 141.00 0.0338983
5 142.00 0.0179641
5 143.00 0.000862069
5 144.00 -0.015625
5 145.00 -0.0332168
5 146.00 -0.0501319
5 147.00 -0.0671972
5 148.00 -0.0845196
5 149.00 -0.100089
5 150.00 -0.115903
5 151.00 -0.130748
5 152.00 -0.143891
5 153.00 -0.155172
5 154.00 -0.165455
5 155.00 -0.173636
5 156.00 -0.179673
5 157.00 -0.183379
5 158.00 -0.184187
5 159.00 -0.182547
5 160.00 -0.178697
5 161.00 -0.171726
5 162.00 -0.16283
5 163.00 -0.152047
5 164.00 -0.139478
5 165.00 -0.126291
5 166.00 -0.112741
5 167.00 -0.0980539
5 168.00 -0.084058
5 169.00 -0.0707779
5 170.00 -0.0582261
5 171.00 -0.0464964
5 172.00 -0.0367787
5 173.00 -0.0276753
5 174.00 -0.0203228
5 175.00 -0.0139942
5 176.00 -0.00856164
5 177.00 -0.00505051
5 178.00 -0.00221729
5 179.00 -0.000550055
5 180.00 0
6 0.00 0
6 1.00 -2.73376e-05
6 2.00 -0.000111071
6 3.00 -0.000245761
6 4.00 -0.000431884
6 5.00 -0.000672004
6 6.00 -0.000954043
6 7.00 -0.00127595
6 8.00 -0.00163846
6 9.00 -0.00203035
6 10.00 -0.00245576
6 11.00 -0.00290549
6 12.00 -0.00338373
6 13.00 -0.00389431
6 14.00 -0.00444892
6 15.00 -0.00505431
6 16.00 -0.00572863
6 17.00 -0.00649644
6 18.00 -0.00739087
6 19.00 -0.00842975
6 20.00 -0.00964774
6 21.00 -0.0110413
6 22.00 -0.0126657
6 23.00 -0.0145175
6 24.00 -0.0166022
6 25.00 -0.0189208
6 26.00 -0.0215133
6 27.00 -0.0243776
6 28.00 -0.0275044
6 29.00 -0.0309052
6 30.00 -0.0346295
6 31.00 -0.0386644
6 32.00 -0.042995
6 33.00 -0.0477158
6 34.00 -0.0527279
6 35.00 -0.0580859
6 36.00 -0.0637528
6 37.00 -0.069668
6 38.00 -0.0757494
6 39.00 -0.0820123
6 40.00 -0.0882816
6 41.00 -0.0944599
6 42.00 -0.10054
6 43.00 -0.106415
6 44.00 -0.111902
6 45.00 -0.116963
6 46.00 -0.121601
6 47.00 -0.125717
6 48.00 -0.129326
6 49.00 -0.132353
6 50.00 -0.134966
6 51.00 -0.137015
6 52.00 -0.138555
6 53.00 -0.13971
6 54.00 -0.140601
6 55.00 -0.141246
6 56.00 -0.141671
6 57.00 -0.141842
6 58.00 -0.141979
6 59.00 -0.142103
6 60.00 -0.142044
6 61.00 -0.142012
6 62.00 -0.141858
6 63.00 -0.141757
6 64.00 -0.141553
6 65.00 -0.141202
6 66.00 -0.140759
6 67.00 -0.140218
6 68.00 -0.139833
6 69.00 -0.13966
6 70.00 -0.139128
6 71.00 -0.139143
6 72.00 -0.139166
6 73.00 -0.139199
6 74.00 -0.139241
6 75.00 -0.139652
6 76.00 -0.139813
6 77.00 -0.140033
6 78.00 -0.140027
6 79.00 -0.139734
6 80.00 -0.139236
6 81.00 -0.138125
6 82.00 -0.136786
6 83.00 -0.135213
6 84.00 -0.13309
6 85.00 -0.130724
6 86.00 -0.127794
6 87.00 -0.124718
6 88.00 -0.121499
6 89.00 -0.117714
6 90.00 -0.113837
6 91.00 -0.110169
6 92.00 -0.106037
6 93.00 -0.101827
6 94.00 -0.0971518
6 95.00 -0.0927593
6 96.00 -0.087554
6 97.00 -0.0822835
6 98.00 -0.0769838
6 99.00 -0.0712871
6 100.00 -0.0647596
6 101.00 -0.0581905
6 102.00 -0.0512205
6 103.00 -0.0442122
6 104.00 -0.0363783
6 105.00 -0.0288735
6 106.00 -0.0208931
6 107.00 -0.0128046
6 108.00 -0.00458716
6 109.00 0.00337268
6 110.00 0.0115188
6 111.00 0.0194553
6 112.00 0.0272049
6 113.00 0.034329
6 114.00 0.0412511
6 115.00 0.0475531
6 116.00 0.0536471
6 117.00 0.0590494
6 118.00 0.0636943
6 119.00 0.0680681
6 120.00 0.0716113
6 121.00 0.0742678
6 122.00 0.0764706
6 123.00 0.0776381
6 124.00 0.078815
6 125.00 0.0788571
6 126.00 0.0788551
6 127.00 0.078209
6 128.00 0.0768293
6 129.00 0.0753425
6 130.00 0.0731087
6 131.00 0.0706874
6 132.00 0.0674157
6 133.00 0.0640162
6 134.00 0.0603567
6 135.00 0.0558269
6 136.00 0.0510638
6 137.00 0.0453564
6 138.00 0.0394161
6 139.00 0.0325203
6 140.00 0.0246637
6 141.00 0.0166038
6 142.00 0.00684932
6 143.00 -0.00306513
6 144.00 -0.0131072
6 145.00 -0.0248062
6 146.00 -0.0357977
6 147.00 -0.0484375
6 148.00 -0.0611765
6 149.00 -0.0731707
6 150.00 -0.0860979
6 151.00 -0.0990491
6 152.00 -0.111465
6 153.00 -0.123901
6 154.00 -0.135743
6 155.00 -0.146893
6 156.00 -0.156529
6 157.00 -0.165309
6 158.00 -0.171429
6 159.00 -0.176471
6 160.00 -0.178484
6 161.00 -0.177616
6 162.00 -0.174437
6 163.00 -0.168121
6 164.00 -0.158879
6 165.00 -0.147641
6 166.00 -0.134715
6 167.00 -0.12043
6 168.00 -0.105118
6 169.00 -0.0898204
6 170.00 -0.0747126
6 171.00 -0.0606246
6 172.00 -0.0481786
6 173.00 -0.0367024
6 174.00 -0.0266739
6 175.00 -0.0184211
6 176.00 -0.0117647
6 177.00 -0.0065
6 178.00 -0.0029484
6 179.00 -0.000486381
6 180.00 0
7 0.00 0
7 1.00 0
7 2.00 2.70797e-06
7 3.00 2.80319e-06
7 4.00 -2.94019e-06
7 5.00 -2.49815e-05
7 6.00 -6.71069e-05
7 7.00 -0.000145752
7 8.00 -0.000275616
7 9.00 -0.000476743
7 10.00 -0.000770991
7 11.00 -0.00119712
7 12.00 -0.00177508
7 13.00 -0.0025518
7 14.00 -0.00355372
7 15.00 -0.00481251
7 16.00 -0.00635782
7 17.00 -0.00820347
7 18.00 -0.0103503
7 19.00 -0.0127824
7 20.00 -0.0154918
7 21.00 -0.0184232
7 22.00 -0.0215688
7 23.00 -0.0248553
7 24.00 -0.0283028
7 25.00 -0.0318776
7 26.00 -0.0355984
7 27.00 -0.0394733
7 28.00 -0.0435546
7 29.00 -0.04784
7 30.00 -0.052367
7 31.00 -0.0570911
7 32.00 -0.0619912
7 33.00 -0.0669901
7 34.00 -0.0720308
7 35.00 -0.0770579
7 36.00 -0.0819365
7 37.00 -0.0866615
7 38.00 -0.0912283
7 39.00 -0.0955134
7 40.00 -0.0995342
7 41.00 -0.10323
7 42.00 -0.106547
7 43.00 -0.109514
7 44.00 -0.111914
7 45.00 -0.113745
7 46.00 -0.114866
7 47.00 -0.115316
7 48.00 -0.115031
7 49.00 -0.114112
7 50.00 -0.112635
7 51.00 -0.110581
7 52.00 -0.108381
7 53.00 -0.105884
7 54.00 -0.103552
7 55.00 -0.10128
7 56.00 -0.0992689
7 57.00 -0.0977507
7 58.00 -0.0967969
7 59.00 -0.0963194
7 60.00 -0.0965714
7 61.00 -0.0972277
7 62.00 -0.0988061
7 63.00 -0.100727
7 64.00 -0.103487
7 65.00 -0.106682
7 66.00 -0.110155
7 67.00 -0.114109
7 68.00 -0.118084
7 69.00 -0.122055
7 70.00 -0.125991
7 71.00 -0.129577
7 72.00 -0.132464
7 73.00 -0.135159
7 74.00 -0.137099
7 75.00 -0.138793
7 76.00 -0.139572
7 77.00 -0.14002
7 78.00 -0.139589
7 79.00 -0.139104
7 80.00 -0.138072
7 81.00 -0.136678
7 82.00 -0.135457
7 83.00 -0.133616
7 84.00 -0.132311
7 85.00 -0.130841
7 86.00 -0.129569
7 87.00 -0.128915
7 88.00 -0.128571
7 89.00 -0.128498
7 90.00 -0.128698
7 91.00 -0.129595
7 92.00 -0.130402
7 93.00 -0.131117
7 94.00 -0.132111
7 95.00 -0.132309
7 96.00 -0.131707
7 97.00 -0.130255
7 98.00 -0.128051
7 99.00 -0.124343
7 100.00 -0.119083
7 101.00 -0.112406
7 102.00 -0.104253
7 103.00 -0.0946456
7 104.00 -0.0839637
7 105.00 -0.072161
7 106.00 -0.0591829
7 107.00 -0.0457516
7 108.00 -0.0317953
7 109.00 -0.0172279
7 110.00 -0.00277228
7 111.00 0.0116372
7 112.00 0.0256515
7 113.00 0.0392887
7 114.00 0.0521886
7 115.00 0.0642949
7 116.00 0.0751748
7 117.00 0.0852298
7 118.00 0.0943482
7 119.00 0.10205
7 120.00 0.108198
7 121.00 0.113659
7 122.00 0.117324
7 123.00 0.119632
7 124.00 0.120293
7 125.00 0.119315
7 126.00 0.117132
7 127.00 0.113471
7 128.00 0.108386
7 129.00 0.102385
7 130.00 0.0947867
7 131.00 0.0861446
7 132.00 0.0764994
7 133.00 0.0657976
7 134.00 0.0553111
7 135.00 0.0445293
7 136.00 0.0334405
7 137.00 0.0220923
7 138.00 0.0111475
7 139.00 0.000661376
7 140.00 -0.00933333
7 141.00 -0.0194762
7 142.00 -0.0290541
7 143.00 -0.0380693
7 144.00 -0.0471956
7 145.00 -0.0563574
7 146.00 -0.064962
7 147.00 -0.0736111
7 148.00 -0.0823447
7 149.00 -0.0912281
7 150.00 -0.100212
7 151.00 -0.109453
7 152.00 -0.119542
7 153.00 -0.129242
7 154.00 -0.139213
7 155.00 -0.148748
7 156.00 -0.158718
7 157.00 -0.167547
7 158.00 -0.17521
7 159.00 -0.182171
7 160.00 -0.186813
7 161.00 -0.188889
7 162.00 -0.188649
7 163.00 -0.185245
7 164.00 -0.178257
7 165.00 -0.167987
7 166.00 -0.155226
7 167.00 -0.139482
7 168.00 -0.122781
7 169.00 -0.104925
7 170.00 -0.0877313
7 171.00 -0.0708661
7 172.00 -0.0558344
7 173.00 -0.0419664
7 174.00 -0.0304248
7 175.00 -0.0209713
7 176.00 -0.0133262
7 177.00 -0.00725389
7 178.00 -0.0030426
7 179.00 -0.0010015
7 180.00 0
8 0.00 0
8 1.00 -9.97401e-06
8 2.00 -3.89851e-05
8 3.00 -8.81334e-05
8 4.00 -0.000165034
8 5.00 -0.000278349
8 6.00 -0.000437848
8 7.00 -0.000662994
8 8.00 -0.000977008
8 9.00 -0.00141442
8 10.00 -0.00200719
8 11.00 -0.00280257
8 12.00 -0.00383942
8 13.00 -0.00515482
8 14.00 -0.00675493
8 15.00 -0.00865608
8 16.00 -0.0108486
8 17.00 -0.0132963
8 18.00 -0.0159732
8 19.00 -0.0188872
8 20.00 -0.0220212
8 21.00 -0.0253772
8 22.00 -0.0289686
8 23.00 -0.0328006
8 24.00 -0.0368296
8 25.00 -0.0409947
8 26.00 -0.045153
8 27.00 -0.0491875
8 28.00 -0.0529143
8 29.00 -0.0562503
8 30.00 -0.0591634
8 31.00 -0.061652
8 32.00 -0.0637353
8 33.00 -0.065595
8 34.00 -0.0672229
8 35.00 -0.0688047
8 36.00 -0.0701661
8 37.00 -0.0714485
8 38.00 -0.0724457
8 39.00 -0.0730769
8 40.00 -0.0733199
8 41.00 -0.0730805
8 42.00 -0.0724192
8 43.00 -0.0713239
8 44.00 -0.0697719
8 45.00 -0.0678539
8 46.00 -0.0657472
8 47.00 -0.0635676
8 48.00 -0.0613372
8 49.00 -0.0595294
8 50.00 -0.0581081
8 51.00 -0.0573813
8 52.00 -0.0577181
8 53.00 -0.0589971
8 54.00 -0.0614977
8 55.00 -0.0650532
8 56.00 -0.0698125
8 57.00 -0.0753982
8 58.00 -0.0818828
8 59.00 -0.0887772
8 60.00 -0.0961014
8 61.00 -0.103406
8 62.00 -0.110424
8 63.00 -0.117019
8 64.00 -0.122596
8 65.00 -0.127229
8 66.00 -0.1305
8 67.00 -0.132505
8 68.00 -0.133422
8 69.00 -0.133168
8 70.00 -0.132236
8 71.00 -0.13098
8 72.00 -0.130318
8 73.00 -0.130649
8 74.00 -0.132052
8 75.00 -0.134646
8 76.00 -0.138797
8 77.00 -0.143919
8 78.00 -0.15
8 79.00 -0.155954
8 80.00 -0.16167
8 81.00 -0.165944
8 82.00 -0.168798
8 83.00 -0.16961
8 84.00 -0.168452
8 85.00 -0.165002
8 86.00 -0.159645
8 87.00 -0.152855
8 88.00 -0.144481
8 89.00 -0.135618
8 90.00 -0.126087
8 91.00 -0.116631
8 92.00 -0.107335
8 93.00 -0.0985414
8 94.00 -0.0899752
8 95.00 -0.082245
8 96.00 -0.0750264
8 97.00 -0.0686378
8 98.00 -0.0626981
8 99.00 -0.0571832
8 100.00 -0.0524451
8 101.00 -0.0477208
8 102.00 -0.0437119
8 103.00 -0.0400722
8 104.00 -0.0364033
8 105.00 -0.0330761
8 106.00 -0.0297177
8 107.00 -0.0263059
8 108.00 -0.022442
8 109.00 -0.0181187
8 110.00 -0.0136879
8 111.00 -0.00833664
8 112.00 -0.00242131
8 113.00 0.00410678
8 114.00 0.0117106
8 115.00 0.0196162
8 116.00 0.0282855
8 117.00 0.0369053
8 118.00 0.0463847
8 119.00 0.0553746
8 120.00 0.0647928
8 121.00 0.0732422
8 122.00 0.0815816
8 123.00 0.088809
8 124.00 0.0953133
8 125.00 0.099946
8 126.00 0.103659
8 127.00 0.105742
8 128.00 0.105999
8 129.00 0.104353
8 130.00 0.100671
8 131.00 0.094704
8 132.00 0.0870394
8 133.00 0.0769728
8 134.00 0.065046
8 135.00 0.0512991
8 136.00 0.0363881
8 137.00 0.0197145
8 138.00 0.00205479
8 139.00 -0.0165175
8 140.00 -0.0345066
8 141.00 -0.0532135
8 142.00 -0.071231
8 143.00 -0.0884589
8 144.00 -0.10559
8 145.00 -0.121901
8 146.00 -0.136676
8 147.00 -0.15137
8 148.00 -0.164617
8 149.00 -0.176991
8 150.00 -0.187924
8 151.00 -0.198783
8 152.00 -0.207547
8 153.00 -0.216398
8 154.00 -0.223861
8 155.00 -0.230254
8 156.00 -0.235609
8 157.00 -0.240617
8 158.00 -0.244459
8 159.00 -0.246631
8 160.00 -0.247123
8 161.00 -0.246091
8 162.00 -0.242672
8 163.00 -0.237219
8 164.00 -0.228261
8 165.00 -0.216835
8 166.00 -0.202523
8 167.00 -0.186077
8 168.00 -0.166667
8 169.00 -0.146012
8 170.00 -0.124187
8 171.00 -0.102215
8 172.00 -0.0815661
8 173.00 -0.0623701
8 174.00 -0.0452511
8 175.00 -0.0309819
8 176.00 -0.0197338
8 177.00 -0.0106667
8 178.00 -0.00477223
8 179.00 -0.00128205
8 180.00 0
9 0.00 0
9 1.00 1.40082e-05
9 2.00 5.49144e-05
9 3.00 0.000115019
9 4.00 0.000179236
9 5.00 0.00023028
9 6.00 0.000235056
9 7.00 0.000154403
9 8.00 -6.01479e-05
9 9.00 -0.000467389
9 10.00 -0.00111194
9 11.00 -0.00203353
9 12.00 -0.00323992
9 13.00 -0.00471356
9 14.00 -0.00641571
9 15.00 -0.00828569
9 16.00 -0.0102895
9 17.00 -0.0124132
9 18.00 -0.0146558
9 19.00 -0.0170368
9 20.00 -0.0195854
9 21.00 -0.0222901
9 22.00 -0.0250642
9 23.00 -0.0278583
9 24.00 -0.0304948
9 25.00 -0.0328964
9 26.00 -0.0348347
9 27.00 -0.0362895
9 28.00 -0.0371741
9 29.00 -0.0374525
9 30.00 -0.0371978
9 31.00 -0.0364714
9 32.00 -0.035469
9 33.00 -0.0344379
9 34.00 -0.0334904
9 35.00 -0.0328836
9 36.00 -0.0327758
9 37.00 -0.0331261
9 38.00 -0.0340943
9 39.00 -0.0354675
9 40.00 -0.0373098
9 41.00 -0.0394319
9 42.00 -0.0418739
9 43.00 -0.044489
9 44.00 -0.0472831
9 45.00 -0.0500798
9 46.00 -0.0528515
9 47.00 -0.055586
9 48.00 -0.0580076
9 49.00 -0.0604349
9 50.00 -0.0626967
9 51.00 -0.0650396
9 52.00 -0.0675788
9 53.00 -0.0706223
9 54.00 -0.0740797
9 55.00 -0.0781176
9 56.00 -0.0822984
9 57.00 -0.0864155
9 58.00 -0.0902215
9 59.00 -0.0933108
9 60.00 -0.0953493
9 61.00 -0.0962858
9 62.00 -0.0964233
9 63.00 -0.0959705
9 64.00 -0.0951526
9 65.00 -0.09495
9 66.00 -0.0954337
9 67.00 -0.0971629
9 68.00 -0.100575
9 69.00 -0.105521
9 70.00 -0.112369
9 71.00 -0.120436
9 72.00 -0.12993
9 73.00 -0.140006
9 74.00 -0.150196
9 75.00 -0.160094
9 76.00 -0.169146
9 77.00 -0.176866
9 78.00 -0.18349
9 79.00 -0.188141
9 80.00 -0.191111
9 81.00 -0.192006
9 82.00 -0.190906
9 83.00 -0.188089
9 84.00 -0.18295
9 85.00 -0.176714
9 86.00 -0.169109
9 87.00 -0.160554
9 88.00 -0.151899
9 89.00 -0.142804
9 90.00 -0.134093
9 91.00 -0.12541
9 92.00 -0.117541
9 93.00 -0.109756
9 94.00 -0.102418
9 95.00 -0.0952045
9 96.00 -0.0878544
9 97.00 -0.080292
9 98.00 -0.072589
9 99.00 -0.0643496
9 100.00 -0.0562993
9 101.00 -0.0473251
9 102.00 -0.0384483
9 103.00 -0.0289157
9 104.00 -0.0193638
9 105.00 -0.00904977
9 106.00 0.00105337
9 107.00 0.0117146
9 108.00 0.0223022
9 109.00 0.0328707
9 110.00 0.0431067
9 111.00 0.0526914
9 112.00 0.0615802
9 113.00 0.0693619
9 114.00 0.0755483
9 115.00 0.08
9 116.00 0.0829414
9 117.00 0.0842845
9 118.00 0.0837838
9 119.00 0.0822931
9 120.00 0.0796586
9 121.00 0.0758386
9 122.00 0.0722471
9 123.00 0.0678918
9 124.00 0.0637742
9 125.00 0.0599251
9 126.00 0.0558292
9 127.00 0.0520134
9 128.00 0.0485437
9 129.00 0.0454545
9 130.00 0.0421866
9 131.00 0.0393224
9 132.00 0.0362854
9 133.00 0.0337079
9 134.00 0.0303797
9 135.00 0.0269231
9 136.00 0.0233312
9 137.00 0.0189915
9 138.00 0.014531
9 139.00 0.00932712
9 140.00 0.00402414
9 141.00 -0.00269906
9 142.00 -0.00949796
9 143.00 -0.0176991
9 144.00 -0.0266212
9 145.00 -0.0355677
9 146.00 -0.0452365
9 147.00 -0.0555556
9 148.00 -0.0665752
9 149.00 -0.0776099
9 150.00 -0.0886598
9 151.00 -0.0997249
9 152.00 -0.111493
9 153.00 -0.122674
9 154.00 -0.135359
9 155.00 -0.148097
9 156.00 -0.160305
9 157.00 -0.173519
9 158.00 -0.186844
9 159.00 -0.199156
9 160.00 -0.210191
9 161.00 -0.219929
9 162.00 -0.226753
9 163.00 -0.23099
9 164.00 -0.231375
9 165.00 -0.226885
9 166.00 -0.218093
9 167.00 -0.205216
9 168.00 -0.187209
9 169.00 -0.166452
9 170.00 -0.143033
9 171.00 -0.118963
9 172.00 -0.0948373
9 173.00 -0.0726108
9 174.00 -0.052364
9 175.00 -0.0353854
9 176.00 -0.0222841
9 177.00 -0.0120805
9 178.00 -0.00521966
9 179.00 -0.00128205
9 180.00 0
10 0.00 0
10 1.00 -1.53535e-05
10 2.00 -6.1653e-05
10 3.00 -0.000147558
10 4.00 -0.000282711
10 5.00 -0.000486916
10 6.00 -0.00078963
10 7.00 -0.00122466
10 8.00 -0.00183653
10 9.00 -0.00266914
10 10.00 -0.00373899
10 11.00 -0.00504879
10 12.00 -0.00654776
10 13.00 -0.00816427
10 14.00 -0.00978985
10 15.00 -0.0113406
10 16.00 -0.0126964
10 17.00 -0.0138192
10 18.00 -0.0146781
10 19.00 -0.0153088
10 20.00 -0.0157397
10 21.00 -0.0161113
10 22.00 -0.0164925
10 23.00 -0.0169621
10 24.00 -0.017568
10 25.00 -0.0182648
10 26.00 -0.0189256
10 27.00 -0.0194231
10 28.00 -0.0195949
10 29.00 -0.0193075
10 30.00 -0.0186309
10 31.00 -0.0176072
10 32.00 -0.0164093
10 33.00 -0.0152925
10 34.00 -0.0144213
10 35.00 -0.0139717
10 36.00 -0.0139398
10 37.00 -0.014382
10 38.00 -0.015359
10 39.00 -0.016712
10 40.00 -0.0184834
10 41.00 -0.0206356
10 42.00 -0.0230371
10 43.00 -0.0256133
10 44.00 -0.0282779
10 45.00 -0.0306404
10 46.00 -0.0328561
10 47.00 -0.0346908
10 48.00 -0.0363103
10 49.00 -0.0377983
10 50.00 -0.0393711
10 51.00 -0.041023
10 52.00 -0.0430108
10 53.00 -0.0455064
10 54.00 -0.0485727
10 55.00 -0.0524503
10 56.00 -0.057096
10 57.00 -0.0628011
10 58.00 -0.0697128
10 59.00 -0.0774194
10 60.00 -0.0862103
10 61.00 -0.0950682
10 62.00 -0.103905
10 63.00 -0.112089
10 64.00 -0.119117
10 65.00 -0.125
10 66.00 -0.129757
10 67.00 -0.13348
10 68.00 -0.136674
10 69.00 -0.139576
10 70.00 -0.141469
10 71.00 -0.142946
10 72.00 -0.142994
10 73.00 -0.141503
10 74.00 -0.138149
10 75.00 -0.133288
10 76.00 -0.126543
10 77.00 -0.11875
10 78.00 -0.110955
10 79.00 -0.103583
10 80.00 -0.097491
10 81.00 -0.093343
10 82.00 -0.0912742
10 83.00 -0.0915778
10 84.00 -0.0940044
10 85.00 -0.0976969
10 86.00 -0.101935
10 87.00 -0.10583
10 88.00 -0.107948
10 89.00 -0.10789
10 90.00 -0.105053
10 91.00 -0.0995329
10 92.00 -0.0912318
10 93.00 -0.0809674
10 94.00 -0.0692521
10 95.00 -0.0568688
10 96.00 -0.0448065
10 97.00 -0.0337268
10 98.00 -0.0241854
10 99.00 -0.016102
10 100.00 -0.0104167
10 101.00 -0.00641242
10 102.00 -0.00441576
10 103.00 -0.00376971
10 104.00 -0.00415656
10 105.00 -0.00490712
10 106.00 -0.0053286
10 107.00 -0.00540735
10 108.00 -0.0043956
10 109.00 -0.0022363
10 110.00 0.00151803
10 111.00 0.00696594
10 112.00 0.014218
10 113.00 0.0221864
10 114.00 0.0317657
10 115.00 0.0421941
10 116.00 0.0531317
10 117.00 0.0646304
10 118.00 0.0762596
10 119.00 0.0876048
10 120.00 0.0981801
10 121.00 0.107829
10 122.00 0.116008
10 123.00 0.12246
10 124.00 0.126542
10 125.00 0.128445
10 126.00 0.127973
10 127.00 0.124346
10 128.00 0.118523
10 129.00 0.110299
10 130.00 0.0996264
10 131.00 0.0869289
10 132.00 0.0722581
10 133.00 0.0562827
10 134.00 0.0390728
10 135.00 0.0213904
10 136.00 0.00269179
10 137.00 -0.0148749
10 138.00 -0.0325203
10 139.00 -0.0494915
10 140.00 -0.0656737
10 141.00 -0.0802969
10 142.00 -0.0933512
10 143.00 -0.104876
10 144.00 -0.115461
10 145.00 -0.124506
10 146.00 -0.132767
10 147.00 -0.139701
10 148.00 -0.146736
10 149.00 -0.15251
10 150.00 -0.158638
10 151.00 -0.164208
10 152.00 -0.169448
10 153.00 -0.174807
10 154.00 -0.180412
10 155.00 -0.184994
10 156.00 -0.190383
10 157.00 -0.195425
10 158.00 -0.200132
10 159.00 -0.204244
10 160.00 -0.208556
10 161.00 -0.212651
10 162.00 -0.215832
10 163.00 -0.217775
10 164.00 -0.217627
10 165.00 -0.215105
10 166.00 -0.209194
10 167.00 -0.199346
10 168.00 -0.186268
10 169.00 -0.169429
10 170.00 -0.148824
10 171.00 -0.126824
10 172.00 -0.103467
10 173.00 -0.0804249
10 174.00 -0.0594439
10 175.00 -0.0404914
10 176.00 -0.0255743
10 177.00 -0.0137157
10 178.00 -0.00603622
10 179.00 -0.00157667
10 180.00 0
11 0.00 0
11 1.00 -3.7426e-05
11 2.00 -0.000147048
11 3.00 -0.000322494
11 4.00 -0.000552808
11 5.00 -0.000828624
11 6.00 -0.00114351
11 7.00 -0.00150529
11 8.00 -0.0019426
11 9.00 -0.00250054
11 10.00 -0.00324765
11 11.00 -0.00421762
11 12.00 -0.00540782
11 13.00 -0.00673407
11 14.00 -0.00801605
11 15.00 -0.00905275
11 16.00 -0.0096183
11 17.00 -0.00958173
11 18.00 -0.00892318
11 19.00 -0.00770133
11 20.00 -0.00599556
11 21.00 -0.00394214
11 22.00 -0.00159628
11 23.00 0.000938967
11 24.00 0.00357212
11 25.00 0.00619988
11 26.00 0.00867745
11 27.00 0.0109609
11 28.00 0.0129431
11 29.00 0.014631
11 30.00 0.0158991
11 31.00 0.0167678
11 32.00 0.0170917
11 33.00 0.016753
11 34.00 0.0157263
11 35.00 0.0139141
11 36.00 0.0114656
11 37.00 0.00843101
11 38.00 0.00509362
11 39.00 0.0015024
11 40.00 -0.00228239
11 41.00 -0.0062727
11 42.00 -0.0105728
11 43.00 -0.0152178
11 44.00 -0.0202398
11 45.00 -0.0253612
11 46.00 -0.0304385
11 47.00 -0.0354022
11 48.00 -0.0401744
11 49.00 -0.0451845
11 50.00 -0.0505983
11 51.00 -0.0570062
11 52.00 -0.0642796
11 53.00 -0.0723585
11 54.00 -0.0806246
11 55.00 -0.088122
11 56.00 -0.0942169
11 57.00 -0.0983456
11 58.00 -0.100211
11 59.00 -0.0999403
11 60.00 -0.0978126
11 61.00 -0.0948515
11 62.00 -0.0910497
11 63.00 -0.0873542
11 64.00 -0.0842803
11 65.00 -0.081923
11 66.00 -0.0811086
11 67.00 -0.0815088
11 68.00 -0.0837668
11 69.00 -0.0875249
11 70.00 -0.0926254
11 71.00 -0.0991736
11 72.00 -0.105897
11 73.00 -0.113115
11 74.00 -0.119635
11 75.00 -0.125304
11 76.00 -0.129616
11 77.00 -0.132417
11 78.00 -0.13326
11 79.00 -0.132789
11 80.00 -0.131068
11 81.00 -0.127763
11 82.00 -0.123688
11 83.00 -0.118967
11 84.00 -0.113679
11 85.00 -0.107527
11 86.00 -0.101695
11 87.00 -0.0954995
11 88.00 -0.0897529
11 89.00 -0.0840548
11 90.00 -0.0791547
11 91.00 -0.0750356
11 92.00 -0.0717061
11 93.00 -0.0691228
11 94.00 -0.0672708
11 95.00 -0.0661586
11 96.00 -0.065427
11 97.00 -0.0640192
11 98.00 -0.0616695
11 99.00 -0.0580251
11 100.00 -0.0521151
11 101.00 -0.0443017
11 102.00 -0.0345411
11 103.00 -0.0224337
11 104.00 -0.00889497
11 105.00 0.00587219
11 106.00 0.0209864
11 107.00 0.0358792
11 108.00 0.0502894
11 109.00 0.0631696
11 110.00 0.0748299
11 111.00 0.0840759
11 112.00 0.0914513
11 113.00 0.0968137
11 114.00 0.100378
11 115.00 0.101944
11 116.00 0.102222
11 117.00 0.101052
11 118.00 0.098777
11 119.00 0.0952611
11 120.00 0.0909543
11 121.00 0.0852911
11 122.00 0.0797063
11 123.00 0.073197
11 124.00 0.0674033
11 125.00 0.0611898
11 126.00 0.0557168
11 127.00 0.0505351
11 128.00 0.0462006
11 129.00 0.0422098
11 130.00 0.038632
11 131.00 0.0361057
11 132.00 0.0334426
11 133.00 0.0313125
11 134.00 0.0283592
11 135.00 0.024607
11 136.00 0.0207039
11 137.00 0.0152884
11 138.00 0.00907821
11 139.00 0.00210084
11 140.00 -0.00490884
11 141.00 -0.0119215
11 142.00 -0.01822
11 143.00 -0.0251924
11 144.00 -0.0307477
11 145.00 -0.0363128
11 146.00 -0.0411724
11 147.00 -0.0460572
11 148.00 -0.0509777
11 149.00 -0.0566038
11 150.00 -0.0629811
11 151.00 -0.070028
11 152.00 -0.0792426
11 153.00 -0.0905899
11 154.00 -0.1026
11 155.00 -0.115331
11 156.00 -0.129304
11 157.00 -0.143258
11 158.00 -0.157083
11 159.00 -0.169587
11 160.00 -0.180546
11 161.00 -0.18951
11 162.00 -0.196229
11 163.00 -0.200139
11 164.00 -0.201529
11 165.00 -0.200138
11 166.00 -0.195637
11 167.00 -0.187291
11 168.00 -0.175016
11 169.00 -0.159448
11 170.00 -0.141226
11 171.00 -0.12064
11 172.00 -0.0990796
11 173.00 -0.0771589
11 174.00 -0.0563584
11 175.00 -0.0381298
11 176.00 -0.023595
11 177.00 -0.0126479
11 178.00 -0.00548804
11 179.00 -0.00114591
11 180.00 0
12 0.00 0
12 1.00 5.85902e-05
12 2.00 0.000228758
12 3.00 0.000487202
12 4.00 0.000795417
12 5.00 0.00110086
12 6.00 0.00133445
12 7.00 0.00142573
12 8.00 0.00132087
12 9.00 0.00100858
12 10.00 0.000537311
12 11.00 4.43187e-05
12 12.00 -0.000266
12 13.00 -0.000121563
12 14.00 0.000775873
12 15.00 0.00260476
12 16.00 0.0053614
12 17.00 0.00886005
12 18.00 0.0127713
12 19.00 0.016746
12 20.00 0.0205246
12 21.00 0.0239135
12 22.00 0.0267474
12 23.00 0.0288898
12 24.00 0.0302735
12 25.00 0.030886
12 26.00 0.0307772
12 27.00 0.0300031
12 28.00 0.0286091
12 29.00 0.0266358
12 30.00 0.0241187
12 31.00 0.0212066
12 32.00 0.0180811
12 33.00 0.0149642
12 34.00 0.012128
12 35.00 0.00964152
12 36.00 0.00744501
12 37.00 0.00524414
12 38.00 0.00282423
12 39.00 -0.00015614
12 40.00 -0.00361248
12 41.00 -0.00725263
12 42.00 -0.0108824
12 43.00 -0.0142626
12 44.00 -0.0173221
12 45.00 -0.0204209
12 46.00 -0.0239057
12 47.00 -0.0284208
12 48.00 -0.0337634
12 49.00 -0.0399034
12 50.00 -0.0460941
12 51.00 -0.0516584
12 52.00 -0.0560914
12 53.00 -0.0591532
12 54.00 -0.0612977
12 55.00 -0.0627558
12 56.00 -0.0643723
12 57.00 -0.0663684
12 58.00 -0.0686026
12 59.00 -0.0712831
12 60.00 -0.0740426
12 61.00 -0.0771111
12 62.00 -0.0807987
12 63.00 -0.0853954
12 64.00 -0.0907248
12 65.00 -0.096851
12 66.00 -0.103172
12 67.00 -0.108752
12 68.00 -0.113028
12 69.00 -0.11555
12 70.00 -0.11575
12 71.00 -0.113813
12 72.00 -0.109675
12 73.00 -0.103343
12 74.00 -0.0958104
12 75.00 -0.0874869
12 76.00 -0.0795615
12 77.00 -0.0731445
12 78.00 -0.0694545
12 79.00 -0.0685588
12 80.00 -0.0706014
12 81.00 -0.075643
12 82.00 -0.0821865
12 83.00 -0.0898227
12 84.00 -0.0972491
12 85.00 -0.103569
12 86.00 -0.108662
12 87.00 -0.110514
12 88.00 -0.109677
12 89.00 -0.105499
12 90.00 -0.0978661
12 91.00 -0.0871925
12 92.00 -0.073995
12 93.00 -0.0592359
12 94.00 -0.0436137
12 95.00 -0.0284636
12 96.00 -0.0136379
12 97.00 -0.00034002
12 98.00 0.0115725
12 99.00 0.0215311
12 100.00 0.0295939
12 101.00 0.0354413
12 102.00 0.0393812
12 103.00 0.0413547
12 104.00 0.0412744
12 105.00 0.0404858
12 106.00 0.0385912
12 107.00 0.0366552
12 108.00 0.0346708
12 109.00 0.0341948
12 110.00 0.034931
12 111.00 0.0369601
12 112.00 0.041224
12 113.00 0.0474532
12 114.00 0.0548862
12 115.00 0.0636738
12 116.00 0.0729755
12 117.00 0.0818798
12 118.00 0.0902743
12 119.00 0.0971722
12 120.00 0.102333
12 121.00 0.10558
12 122.00 0.107223
12 123.00 0.106457
12 124.00 0.103655
12 125.00 0.0991379
12 126.00 0.0935525
12 127.00 0.0873786
12 128.00 0.0800794
12 129.00 0.0716216
12 130.00 0.0627154
12 131.00 0.0526685
12 132.00 0.0414286
12 133.00 0.0282609
12 134.00 0.0139296
12 135.00 -0.0014782
12 136.00 -0.0163447
12 137.00 -0.0312268
12 138.00 -0.0452858
12 139.00 -0.058432
12 140.00 -0.0698016
12 141.00 -0.0793882
12 142.00 -0.0873016
12 143.00 -0.0934379
12 144.00 -0.0973202
12 145.00 -0.100348
12 146.00 -0.102688
12 147.00 -0.105119
12 148.00 -0.107578
12 149.00 -0.110813
12 150.00 -0.115564
12 151.00 -0.121172
12 152.00 -0.12766
12 153.00 -0.134398
12 154.00 -0.140761
12 155.00 -0.146783
12 156.00 -0.151045
12 157.00 -0.154212
12 158.00 -0.156164
12 159.00 -0.157931
12 160.00 -0.159611
12 161.00 -0.161785
12 162.00 -0.16492
12 163.00 -0.169113
12 164.00 -0.174913
12 165.00 -0.180748
12 166.00 -0.185058
12 167.00 -0.187289
12 168.00 -0.185136
12 169.00 -0.177878
12 170.00 -0.164581
12 171.00 -0.146723
12 172.00 -0.125215
12 173.00 -0.100437
12 174.00 -0.0755694
12 175.00 -0.052451
12 176.00 -0.0330233
12 177.00 -0.0177384
12 178.00 -0.00768246
12 179.00 -0.00166528
12 180.00 0
