2 0.00 0
2 1.00 6.64823e-05
2 2.00 0.000253144
2 3.00 0.000574843
2 4.00 0.00102082
2 5.00 0.00159462
2 6.00 0.00228721
2 7.00 0.00311762
2 8.00 0.00406493
2 9.00 0.00513605
2 10.00 0.00633901
2 11.00 0.00765405
2 12.00 0.00910488
2 13.00 0.0106722
2 14.00 0.0123513
2 15.00 0.0141524
2 16.00 0.016071
2 17.00 0.0181024
2 18.00 0.0202412
2 19.00 0.0224983
2 20.00 0.0248678
2 21.00 0.0273428
2 22.00 0.0299155
2 23.00 0.0325945
2 24.00 0.0353504
2 25.00 0.03823
2 26.00 0.041201
2 27.00 0.0442485
2 28.00 0.0473758
2 29.00 0.0505872
2 30.00 0.0538829
2 31.00 0.0572656
2 32.00 0.0606851
2 33.00 0.0641876
2 34.00 0.0677454
2 35.00 0.0713764
2 36.00 0.0750198
2 37.00 0.0787522
2 38.00 0.0824708
2 39.00 0.0862615
2 40.00 0.0900704
2 41.00 0.0938861
2 42.00 0.0977281
2 43.00 0.101614
2 44.00 0.105442
2 45.00 0.109324
2 46.00 0.113185
2 47.00 0.117002
2 48.00 0.120858
2 49.00 0.124667
2 50.00 0.128461
2 51.00 0.132215
2 52.00 0.135961
2 53.00 0.139684
2 54.00 0.14336
2 55.00 0.147027
2 56.00 0.150594
2 57.00 0.154195
2 58.00 0.157819
2 59.00 0.161355
2 60.00 0.164887
2 61.00 0.168381
2 62.00 0.171854
2 63.00 0.175386
2 64.00 0.178872
2 65.00 0.1824
2 66.00 0.186015
2 67.00 0.189531
2 68.00 0.193158
2 69.00 0.19682
2 70.00 0.200614
2 71.00 0.204492
2 72.00 0.208326
2 73.00 0.212261
2 74.00 0.216356
2 75.00 0.220444
2 76.00 0.224698
2 77.00 0.228937
2 78.00 0.233401
2 79.00 0.237906
2 80.00 0.242424
2 81.00 0.246923
2 82.00 0.251561
2 83.00 0.256528
2 84.00 0.261269
2 85.00 0.266092
2 86.00 0.27084
2 87.00 0.275619
2 88.00 0.280265
2 89.00 0.284972
2 90.00 0.289913
2 91.00 0.294401
2 92.00 0.298623
2 93.00 0.303008
2 94.00 0.307292
2 95.00 0.311069
2 96.00 0.315068
2 97.00 0.318492
2 98.00 0.321693
2 99.00 0.324643
2 100.00 0.327594
2 101.00 0.329811
2 102.00 0.331833
2 103.00 0.333794
2 104.00 0.334901
2 105.00 0.335896
2 106.00 0.336279
2 107.00 0.336341
2 108.00 0.336233
2 109.00 0.33577
2 110.00 0.334044
2 111.00 0.332609
2 112.00 0.330377
2 113.00 0.327869
2 114.00 0.324885
2 115.00 0.321198
2 116.00 0.317175
2 117.00 0.312614
2 118.00 0.307883
2 119.00 0.302149
2 120.00 0.296654
2 121.00 0.289921
2 122.00 0.282956
2 123.00 0.275559
2 124.00 0.267722
2 125.00 0.259441
2 126.00 0.251242
2 127.00 0.242075
2 128.00 0.233187
2 129.00 0.222963
2 130.00 0.213053
2 131.00 0.203493
2 132.00 0.19278
2 133.00 0.182453
2 134.00 0.17163
2 135.00 0.161265
2 136.00 0.150598
2 137.00 0.140337
2 138.00 0.129839
2 139.00 0.119935
2 140.00 0.109756
2 141.00 0.100244
2 142.00 0.0906122
2 143.00 0.0816327
2 144.00 0.0725938
2 145.00 0.0642799
2 146.00 0.0567721
2 147.00 0.0500808
2 148.00 0.0426045
2 149.00 0.0367706
2 150.00 0.0309524
2 151.00 0.0259843
2 152.00 0.0210938
2 153.00 0.0170279
2 154.00 0.0138037
2 155.00 0.0106222
2 156.00 0.00750751
2 157.00 0.00520059
2 158.00 0.00293902
2 159.00 0.00145349
2 160.00 0
2 161.00 -0.000710227
2 162.00 -0.00140548
2 163.00 -0.00208478
2 164.00 -0.00274914
2 165.00 -0.00272109
2 166.00 -0.0026936
2 167.00 -0.00266667
2 168.00 -0.00264375
2 169.00 -0.00261952
2 170.00 -0.00194932
2 171.00 -0.00193548
2 172.00 -0.00128123
2 173.00 -0.00127389
2 174.00 -0.000633312
2 175.00 -0.000630517
2 176.00 -0.000628141
2 177.00 0
2 178.00 0
2 179.00 0
2 180.00 0
3 0.00 0
3 1.00 2.28679e-05
3 2.00 9.18618e-05
3 3.00 0.000208157
3 4.00 0.00036595
3 5.00 0.000559888
3 6.00 0.000800897
3 7.00 0.00107669
3 8.00 0.00139113
3 9.00 0.0017317
3 10.00 0.00209348
3 11.00 0.00248005
3 12.00 0.00288595
3 13.00 0.00329515
3 14.00 0.00370896
3 15.00 0.00412836
3 16.00 0.00453239
3 17.00 0.00491852
3 18.00 0.00528315
3 19.00 0.00562162
3 20.00 0.00591475
3 21.00 0.00615295
3 22.00 0.00635361
3 23.00 0.006492
3 24.00 0.00655448
3 25.00 0.00655926
3 26.00 0.00647525
3 27.00 0.00632325
3 28.00 0.00611049
3 29.00 0.0058034
3 30.00 0.00540825
3 31.00 0.00496164
3 32.00 0.00445781
3 33.00 0.00389082
3 34.00 0.00328649
3 35.00 0.00267908
3 36.00 0.00204206
3 37.00 0.00141768
3 38.00 0.000860162
3 39.00 0.000350094
3 40.00 -9.34492e-05
3 41.00 -0.000448609
3 42.00 -0.000690681
3 43.00 -0.000792034
3 44.00 -0.000722195
3 45.00 -0.000575558
3 46.00 -0.000203652
3 47.00 0.000359893
3 48.00 0.00099108
3 49.00 0.00185514
3 50.00 0.0028133
3 51.00 0.00396075
3 52.00 0.00512723
3 53.00 0.00640448
3 54.00 0.00779768
3 55.00 0.00920177
3 56.00 0.0104907
3 57.00 0.0118785
3 58.00 0.0132425
3 59.00 0.0144341
3 60.00 0.0157024
3 61.00 0.0167532
3 62.00 0.0175466
3 63.00 0.018368
3 64.00 0.0188776
3 65.00 0.0192068
3 66.00 0.0193309
3 67.00 0.0194137
3 68.00 0.0190476
3 69.00 0.0186047
3 70.00 0.0178532
3 71.00 0.016992
3 72.00 0.0160172
3 73.00 0.0146766
3 74.00 0.0131885
3 75.00 0.0115529
3 76.00 0.00976018
3 77.00 0.00781024
3 78.00 0.0059952
3 79.00 0.00372439
3 80.00 0.00160565
3 81.00 -0.00066379
3 82.00 -0.00274254
3 83.00 -0.00495225
3 84.00 -0.00692925
3 85.00 -0.00901239
3 86.00 -0.0112099
3 87.00 -0.0131161
3 88.00 -0.0146999
3 89.00 -0.0163453
3 90.00 -0.0176193
3 91.00 -0.0189344
3 92.00 -0.0198466
3 93.00 -0.0203046
3 94.00 -0.0212264
3 95.00 -0.0212048
3 96.00 -0.0216429
3 97.00 -0.0210843
3 98.00 -0.0209826
3 99.00 -0.0203337
3 100.00 -0.0196495
3 101.00 -0.0183684
3 102.00 -0.0170423
3 103.00 -0.0156425
3 104.00 -0.0141965
3 105.00 -0.0126874
3 106.00 -0.0105386
3 107.00 -0.00891795
3 108.00 -0.0066345
3 109.00 -0.00489297
3 110.00 -0.00310174
3 111.00 -0.00125786
3 112.00 0.000637349
3 113.00 0.00258398
3 114.00 0.0039267
3 115.00 0.00530504
3 116.00 0.00672043
3 117.00 0.00816882
3 118.00 0.00896552
3 119.00 0.00977654
3 120.00 0.009908
3 121.00 0.0100358
3 122.00 0.010167
3 123.00 0.00956586
3 124.00 0.00894855
3 125.00 0.00755858
3 126.00 0.00613027
3 127.00 0.004662
3 128.00 0.00315209
3 129.00 0.000799361
3 130.00 -0.00243309
3 131.00 -0.00493827
3 132.00 -0.00835422
3 133.00 -0.0118745
3 134.00 -0.0155039
3 135.00 -0.0192644
3 136.00 -0.0240214
3 137.00 -0.0280289
3 138.00 -0.0330882
3 139.00 -0.0373832
3 140.00 -0.042735
3 141.00 -0.0482625
3 142.00 -0.0529412
3 143.00 -0.0587065
3 144.00 -0.0635721
3 145.00 -0.0685072
3 146.00 -0.073423
3 147.00 -0.077325
3 148.00 -0.0821918
3 149.00 -0.0848356
3 150.00 -0.0882979
3 151.00 -0.0904255
3 152.00 -0.0912951
3 153.00 -0.0918691
3 154.00 -0.0920502
3 155.00 -0.0910031
3 156.00 -0.0885947
3 157.00 -0.0859141
3 158.00 -0.0821114
3 159.00 -0.0782443
3 160.00 -0.0734201
3 161.00 -0.068654
3 162.00 -0.0631025
3 163.00 -0.057725
3 164.00 -0.0518092
3 165.00 -0.0461783
3 166.00 -0.0408635
3 167.00 -0.0358744
3 168.00 -0.0304348
3 169.00 -0.026038
3 170.00 -0.0212183
3 171.00 -0.0173333
3 172.00 -0.0136719
3 173.00 -0.0108349
3 174.00 -0.00750469
3 175.00 -0.00553506
3 176.00 -0.00364078
3 177.00 -0.00180072
3 178.00 -0.000595948
3 179.00 0
3 180.00 0
4 0.00 0
4 1.00 -1.6338e-05
4 2.00 -6.58252e-05
4 3.00 -0.000149896
4 4.00 -0.000276631
4 5.00 -0.000438371
4 6.00 -0.000651273
4 7.00 -0.000921878
4 8.00 -0.00125209
4 9.00 -0.00165124
4 10.00 -0.0021306
4 11.00 -0.00270366
4 12.00 -0.0033712
4 13.00 -0.00415747
4 14.00 -0.00505717
4 15.00 -0.00608878
4 16.00 -0.00725381
4 17.00 -0.00857161
4 18.00 -0.0100298
4 19.00 -0.0116317
4 20.00 -0.0133767
4 21.00 -0.0152596
4 22.00 -0.0172685
4 23.00 -0.0193677
4 24.00 -0.0215422
4 25.00 -0.0237708
4 26.00 -0.0260263
4 27.00 -0.0282522
4 28.00 -0.0304039
4 29.00 -0.0325051
4 30.00 -0.0344599
4 31.00 -0.0362995
4 32.00 -0.0379477
4 33.00 -0.039453
4 34.00 -0.0408148
4 35.00 -0.041966
4 36.00 -0.0430305
4 37.00 -0.043956
4 38.00 -0.0447712
4 39.00 -0.0455671
4 40.00 -0.0463541
4 41.00 -0.0471369
4 42.00 -0.0480535
4 43.00 -0.049069
4 44.00 -0.050206
4 45.00 -0.051499
4 46.00 -0.0530473
4 47.00 -0.0548204
4 48.00 -0.0569361
4 49.00 -0.0591825
4 50.00 -0.0618567
4 51.00 -0.0647071
4 52.00 -0.0678693
4 53.00 -0.0712539
4 54.00 -0.0748861
4 55.00 -0.0786458
4 56.00 -0.0827947
4 57.00 -0.0869628
4 58.00 -0.0912571
4 59.00 -0.0955301
4 60.00 -0.100068
4 61.00 -0.10436
4 62.00 -0.1089
4 63.00 -0.113103
4 64.00 -0.117355
4 65.00 -0.121376
4 66.00 -0.125141
4 67.00 -0.128842
4 68.00 -0.132215
4 69.00 -0.135476
4 70.00 -0.138346
4 71.00 -0.141268
4 72.00 -0.143764
4 73.00 -0.145765
4 74.00 -0.147815
4 75.00 -0.149679
4 76.00 -0.151274
4 77.00 -0.15227
4 78.00 -0.153359
4 79.00 -0.154236
4 80.00 -0.155192
4 81.00 -0.155522
4 82.00 -0.155956
4 83.00 -0.156162
4 84.00 -0.156122
4 85.00 -0.155817
4 86.00 -0.15566
4 87.00 -0.155361
4 88.00 -0.154258
4 89.00 -0.153881
4 90.00 -0.152816
4 91.00 -0.151501
4 92.00 -0.149929
4 93.00 -0.148166
4 94.00 -0.146628
4 95.00 -0.144411
4 96.00 -0.141929
4 97.00 -0.139828
4 98.00 -0.136965
4 99.00 -0.133984
4 100.00 -0.130749
4 101.00 -0.126951
4 102.00 -0.123496
4 103.00 -0.119937
4 104.00 -0.115751
4 105.00 -0.111465
4 106.00 -0.107143
4 107.00 -0.103264
4 108.00 -0.0988185
4 109.00 -0.0943396
4 110.00 -0.0898268
4 111.00 -0.0858229
4 112.00 -0.0812432
4 113.00 -0.077218
4 114.00 -0.0731573
4 115.00 -0.0690608
4 116.00 -0.0649639
4 117.00 -0.0614182
4 118.00 -0.0572712
4 119.00 -0.053642
4 120.00 -0.0505682
4 121.00 -0.0468839
4 122.00 -0.0437536
4 123.00 -0.0400232
4 124.00 -0.0368206
4 125.00 -0.0336085
4 126.00 -0.030321
4 127.00 -0.0270108
4 128.00 -0.0242571
4 129.00 -0.0208333
4 130.00 -0.0179789
4 131.00 -0.0150565
4 132.00 -0.0127146
4 133.00 -0.0103093
4 134.00 -0.00849673
4 135.00 -0.0066357
4 136.00 -0.00539084
4 137.00 -0.00479452
4 138.00 -0.00487465
4 139.00 -0.00495751
4 140.00 -0.00648415
4 141.00 -0.00805861
4 142.00 -0.0111857
4 143.00 -0.0144049
4 144.00 -0.0185042
4 145.00 -0.0234926
4 146.00 -0.0286396
4 147.00 -0.0347054
4 148.00 -0.0400982
4 149.00 -0.046396
4 150.00 -0.0527638
4 151.00 -0.0583263
4 152.00 -0.0638842
4 153.00 -0.0684932
4 154.00 -0.0729614
4 155.00 -0.0754717
4 156.00 -0.0777778
4 157.00 -0.0780322
4 158.00 -0.0779547
4 159.00 -0.0759076
4 160.00 -0.0728155
4 161.00 -0.0694554
4 162.00 -0.0644172
4 163.00 -0.0593912
4 164.00 -0.0537249
4 165.00 -0.0475207
4 166.00 -0.0416391
4 167.00 -0.0361217
4 168.00 -0.0303582
4 169.00 -0.0250145
4 170.00 -0.0206358
4 171.00 -0.0166131
4 172.00 -0.0129066
4 173.00 -0.00947631
4 174.00 -0.00676983
4 175.00 -0.00470588
4 176.00 -0.00322135
4 177.00 -0.00180832
4 178.00 -0.000892459
4 179.00 0
4 180.00 0
5 0.00 0
5 1.00 -4.40744e-05
5 2.00 -0.000169269
5 3.00 -0.000385356
5 4.00 -0.000692267
5 5.00 -0.00109295
5 6.00 -0.00159806
5 7.00 -0.0022113
5 8.00 -0.00294324
5 9.00 -0.00379487
5 10.00 -0.00477816
5 11.00 -0.00589874
5 12.00 -0.00715277
5 13.00 -0.00853754
5 14.00 -0.0100597
5 15.00 -0.011704
5 16.00 -0.0134536
5 17.00 -0.015301
5 18.00 -0.0172098
5 19.00 -0.019166
5 20.00 -0.0211384
5 21.00 -0.0231179
5 22.00 -0.0250827
5 23.00 -0.0270098
5 24.00 -0.0289352
5 25.00 -0.0308335
5 26.00 -0.0327436
5 27.00 -0.0346995
5 28.00 -0.036725
5 29.00 -0.038879
5 30.00 -0.0412362
5 31.00 -0.0437963
5 32.00 -0.0466233
5 33.00 -0.0497895
5 34.00 -0.0533024
5 35.00 -0.0571658
5 36.00 -0.0614143
5 37.00 -0.0660373
5 38.00 -0.0710112
5 39.00 -0.0762996
5 40.00 -0.0817926
5 41.00 -0.0875352
5 42.00 -0.0933142
5 43.00 -0.0991392
5 44.00 -0.104829
5 45.00 -0.110366
5 46.00 -0.115612
5 47.00 -0.120464
5 48.00 -0.124926
5 49.00 -0.128903
5 50.00 -0.132317
5 51.00 -0.135412
5 52.00 -0.137905
5 53.00 -0.140236
5 54.00 -0.142107
5 55.00 -0.143937
5 56.00 -0.145566
5 57.00 -0.147333
5 58.00 -0.149291
5 59.00 -0.151478
5 60.00 -0.15396
5 61.00 -0.15676
5 62.00 -0.159959
5 63.00 -0.163408
5 64.00 -0.167111
5 65.00 -0.170873
5 66.00 -0.17471
5 67.00 -0.178347
5 68.00 -0.181771
5 69.00 -0.184703
5 70.00 -0.187008
5 71.00 -0.188701
5 72.00 -0.189702
5 73.00 -0.190047
5 74.00 -0.189224
5 75.00 -0.187975
5 76.00 -0.186268
5 77.00 -0.183659
5 78.00 -0.18058
5 79.00 -0.177443
5 80.00 -0.173815
5 81.00 -0.170065
5 82.00 -0.166339
5 83.00 -0.162921
5 84.00 -0.15923
5 85.00 -0.155898
5 86.00 -0.152672
5 87.00 -0.149569
5 88.00 -0.147046
5 89.00 -0.144252
5 90.00 -0.141573
5 91.00 -0.139154
5 92.00 -0.136949
5 93.00 -0.134508
5 94.00 -0.132305
5 95.00 -0.129882
5 96.00 -0.127367
5 97.00 -0.125119
5 98.00 -0.122254
5 99.00 -0.119732
5 100.00 -0.117083
5 101.00 -0.114368
5 102.00 -0.111538
5 103.00 -0.108173
5 104.00 -0.105288
5 105.00 -0.101825
5 106.00 -0.0983685
5 107.00 -0.0953522
5 108.00 -0.0913876
5 109.00 -0.0879121
5 110.00 -0.0844063
5 111.00 -0.0809524
5 112.00 -0.0769962
5 113.00 -0.0735643
5 114.00 -0.070109
5 115.00 -0.0662565
5 116.00 -0.0628544
5 117.00 -0.0590458
5 118.00 -0.0557129
5 119.00 -0.0524079
5 120.00 -0.0486767
5 121.00 -0.0449598
5 122.00 -0.0412713
5 123.00 -0.0376011
5 124.00 -0.0339388
5 125.00 -0.0302885
5 126.00 -0.0266215
5 127.00 -0.02245
5 128.00 -0.0187192
5 129.00 -0.0149402
5 130.00 -0.0110831
5 131.00 -0.0071465
5 132.00 -0.00310559
5 133.00 0.000525486
5 134.00 0.00426894
5 135.00 0.00759631
5 136.00 0.0110375
5 137.00 0.0145985
5 138.00 0.0171527
5 139.00 0.0197905
5 140.00 0.0219324
5 141.00 0.0235507
5 142.00 0.0246154
5 143.00 0.0250627
5 144.00 0.0242502
5 145.00 0.0220923
5 146.00 0.0185063
5 147.00 0.0141129
5 148.00 0.00750853
5 149.00 0
5 150.00 -0.00911002
5 151.00 -0.0198441
5 152.00 -0.031451
5 153.00 -0.0438849
5 154.00 -0.0563177
5 155.00 -0.068741
5 156.00 -0.0802023
5 157.00 -0.0914327
5 158.00 -0.100071
5 159.00 -0.107573
5 160.00 -0.11243
5 161.00 -0.114619
5 162.00 -0.114247
5 163.00 -0.111402
5 164.00 -0.106302
5 165.00 -0.0990769
5 166.00 -0.0901008
5 167.00 -0.0802048
5 168.00 -0.0702614
5 169.00 -0.0598335
5 170.00 -0.0496524
5 171.00 -0.0398293
5 172.00 -0.0312783
5 173.00 -0.0238923
5 174.00 -0.0171261
5 175.00 -0.0116983
5 176.00 -0.00744222
5 177.00 -0.0042065
5 178.00 -0.0018797
5 179.00 -0.000372024
5 180.00 0
6 0.00 0
6 1.00 -4.94983e-05
6 2.00 -0.000200882
6 3.00 -0.000455621
6 4.00 -0.000805358
6 5.00 -0.00125235
6 6.00 -0.00179743
6 7.00 -0.00243338
6 8.00 -0.00316402
6 9.00 -0.00398098
6 10.00 -0.00488501
6 11.00 -0.00587744
6 12.00 -0.00696683
6 13.00 -0.00815165
6 14.00 -0.00945521
6 15.00 -0.0108792
6 16.00 -0.0124593
6 17.00 -0.0142107
6 18.00 -0.0161738
6 19.00 -0.0183623
6 20.00 -0.0208191
6 21.00 -0.0235517
6 22.00 -0.0265814
6 23.00 -0.0299105
6 24.00 -0.0335372
6 25.00 -0.0374501
6 26.00 -0.0416287
6 27.00 -0.0460417
6 28.00 -0.0506698
6 29.00 -0.0554292
6 30.00 -0.0603439
6 31.00 -0.0653443
6 32.00 -0.0703872
6 33.00 -0.0754652
6 34.00 -0.0804884
6 35.00 -0.0855039
6 36.00 -0.0903605
6 37.00 -0.0950521
6 38.00 -0.0995708
6 39.00 -0.103797
6 40.00 -0.107717
6 41.00 -0.111249
6 42.00 -0.114556
6 43.00 -0.11741
6 44.00 -0.120097
6 45.00 -0.122518
6 46.00 -0.124927
6 47.00 -0.127146
6 48.00 -0.12941
6 49.00 -0.131743
6 50.00 -0.134188
6 51.00 -0.136556
6 52.00 -0.138976
6 53.00 -0.141196
6 54.00 -0.143225
6 55.00 -0.144891
6 56.00 -0.146147
6 57.00 -0.146972
6 58.00 -0.147129
6 59.00 -0.146755
6 60.00 -0.145938
6 61.00 -0.145071
6 62.00 -0.143779
6 63.00 -0.142647
6 64.00 -0.141736
6 65.00 -0.141078
6 66.00 -0.140742
6 67.00 -0.141013
6 68.00 -0.141704
6 69.00 -0.142708
6 70.00 -0.144244
6 71.00 -0.145601
6 72.00 -0.146713
6 73.00 -0.147677
6 74.00 -0.14843
6 75.00 -0.148369
6 76.00 -0.148112
6 77.00 -0.146981
6 78.00 -0.145926
6 79.00 -0.144308
6 80.00 -0.142806
6 81.00 -0.141381
6 82.00 -0.140477
6 83.00 -0.14014
6 84.00 -0.140358
6 85.00 -0.141579
6 86.00 -0.143807
6 87.00 -0.146672
6 88.00 -0.150259
6 89.00 -0.154083
6 90.00 -0.158575
6 91.00 -0.162759
6 92.00 -0.167198
6 93.00 -0.170496
6 94.00 -0.173451
6 95.00 -0.175732
6 96.00 -0.17669
6 97.00 -0.176553
6 98.00 -0.175701
6 99.00 -0.173669
6 100.00 -0.171016
6 101.00 -0.167286
6 102.00 -0.162963
6 103.00 -0.158598
6 104.00 -0.153211
6 105.00 -0.147743
6 106.00 -0.142339
6 107.00 -0.136937
6 108.00 -0.131544
6 109.00 -0.126222
6 110.00 -0.120971
6 111.00 -0.115739
6 112.00 -0.111063
6 113.00 -0.106494
6 114.00 -0.102454
6 115.00 -0.0985011
6 116.00 -0.0946292
6 117.00 -0.0912951
6 118.00 -0.0880237
6 119.00 -0.0848818
6 120.00 -0.0813659
6 121.00 -0.0783818
6 122.00 -0.0750422
6 123.00 -0.0717602
6 124.00 -0.0681049
6 125.00 -0.0644888
6 126.00 -0.0600511
6 127.00 -0.0556507
6 128.00 -0.0503876
6 129.00 -0.0446661
6 130.00 -0.0384784
6 131.00 -0.0317881
6 132.00 -0.0245426
6 133.00 -0.0171635
6 134.00 -0.00915751
6 135.00 -0.0004649
6 136.00 0.00756144
6 137.00 0.015873
6 138.00 0.0240078
6 139.00 0.0314843
6 140.00 0.0377166
6 141.00 0.0426417
6 142.00 0.0461538
6 143.00 0.0481341
6 144.00 0.0473568
6 145.00 0.0442577
6 146.00 0.0386803
6 147.00 0.0311419
6 148.00 0.0204201
6 149.00 0.00824985
6 150.00 -0.00653595
6 151.00 -0.0227273
6 152.00 -0.0396635
6 153.00 -0.0578662
6 154.00 -0.0759952
6 155.00 -0.0934298
6 156.00 -0.110042
6 157.00 -0.12515
6 158.00 -0.138095
6 159.00 -0.14817
6 160.00 -0.15488
6 161.00 -0.158016
6 162.00 -0.157865
6 163.00 -0.15376
6 164.00 -0.14589
6 165.00 -0.135135
6 166.00 -0.122239
6 167.00 -0.107479
6 168.00 -0.0922931
6 169.00 -0.0769231
6 170.00 -0.062066
6 171.00 -0.0487805
6 172.00 -0.0369788
6 173.00 -0.0269966
6 174.00 -0.0189896
6 175.00 -0.0127191
6 176.00 -0.00763106
6 177.00 -0.00418949
6 178.00 -0.00189334
6 179.00 -0.000311429
6 180.00 0
7 0.00 0
7 1.00 -2.37195e-05
7 2.00 -9.94765e-05
7 3.00 -0.000225083
7 4.00 -0.000401448
7 5.00 -0.000635152
7 6.00 -0.000925871
7 7.00 -0.00128013
7 8.00 -0.00170884
7 9.00 -0.0022195
7 10.00 -0.00282717
7 11.00 -0.00355796
7 12.00 -0.0044424
7 13.00 -0.00550903
7 14.00 -0.00681938
7 15.00 -0.00840795
7 16.00 -0.0103477
7 17.00 -0.0126942
7 18.00 -0.0154659
7 19.00 -0.018693
7 20.00 -0.02238
7 21.00 -0.0264587
7 22.00 -0.0308963
7 23.00 -0.0355789
7 24.00 -0.0403985
7 25.00 -0.0452478
7 26.00 -0.0500669
7 27.00 -0.0547967
7 28.00 -0.0593521
7 29.00 -0.0637523
7 30.00 -0.0680088
7 31.00 -0.0721423
7 32.00 -0.0761419
7 33.00 -0.0799535
7 34.00 -0.0835584
7 35.00 -0.086964
7 36.00 -0.0900471
7 37.00 -0.0927548
7 38.00 -0.0951074
7 39.00 -0.0971458
7 40.00 -0.0987786
7 41.00 -0.100249
7 42.00 -0.10157
7 43.00 -0.102864
7 44.00 -0.104151
7 45.00 -0.105556
7 46.00 -0.107117
7 47.00 -0.108738
7 48.00 -0.110436
7 49.00 -0.112079
7 50.00 -0.113656
7 51.00 -0.115028
7 52.00 -0.116304
7 53.00 -0.11721
7 54.00 -0.117999
7 55.00 -0.118379
7 56.00 -0.118492
7 57.00 -0.118505
7 58.00 -0.118108
7 59.00 -0.117606
7 60.00 -0.116688
7 61.00 -0.115691
7 62.00 -0.114635
7 63.00 -0.113335
7 64.00 -0.112217
7 65.00 -0.111306
7 66.00 -0.110858
7 67.00 -0.110954
7 68.00 -0.111655
7 69.00 -0.113509
7 70.00 -0.116144
7 71.00 -0.119672
7 72.00 -0.124079
7 73.00 -0.128928
7 74.00 -0.134551
7 75.00 -0.140334
7 76.00 -0.14631
7 77.00 -0.152078
7 78.00 -0.157637
7 79.00 -0.162572
7 80.00 -0.167475
7 81.00 -0.172308
7 82.00 -0.176704
7 83.00 -0.181744
7 84.00 -0.186611
7 85.00 -0.192027
7 86.00 -0.198072
7 87.00 -0.204291
7 88.00 -0.21055
7 89.00 -0.21689
7 90.00 -0.222689
7 91.00 -0.227615
7 92.00 -0.231609
7 93.00 -0.234256
7 94.00 -0.235407
7 95.00 -0.235153
7 96.00 -0.233126
7 97.00 -0.229704
7 98.00 -0.225131
7 99.00 -0.219223
7 100.00 -0.212235
7 101.00 -0.204482
7 102.00 -0.196486
7 103.00 -0.187471
7 104.00 -0.177958
7 105.00 -0.168449
7 106.00 -0.158103
7 107.00 -0.147491
7 108.00 -0.136654
7 109.00 -0.125681
7 110.00 -0.114639
7 111.00 -0.10321
7 112.00 -0.0917101
7 113.00 -0.0806643
7 114.00 -0.07034
7 115.00 -0.0599381
7 116.00 -0.0506135
7 117.00 -0.0414922
7 118.00 -0.0336866
7 119.00 -0.0263852
7 120.00 -0.0203084
7 121.00 -0.0146451
7 122.00 -0.00976709
7 123.00 -0.00564122
7 124.00 -0.00188466
7 125.00 0.00189179
7 126.00 0.00532117
7 127.00 0.00917431
7 128.00 0.013092
7 129.00 0.0174689
7 130.00 0.0223354
7 131.00 0.02813
7 132.00 0.0336943
7 133.00 0.0402766
7 134.00 0.0466942
7 135.00 0.0533613
7 136.00 0.0603338
7 137.00 0.0663466
7 138.00 0.0721925
7 139.00 0.0769581
7 140.00 0.08054
7 141.00 0.0824202
7 142.00 0.083374
7 143.00 0.0818363
7 144.00 0.0785714
7 145.00 0.0729927
7 146.00 0.0654604
7 147.00 0.0552846
7 148.00 0.0429752
7 149.00 0.0290503
7 150.00 0.0129944
7 151.00 -0.00399088
7 152.00 -0.0223881
7 153.00 -0.0409458
7 154.00 -0.0596065
7 155.00 -0.0776812
7 156.00 -0.0951828
7 157.00 -0.111498
7 158.00 -0.125943
7 159.00 -0.138551
7 160.00 -0.147977
7 161.00 -0.154687
7 162.00 -0.157534
7 163.00 -0.156409
7 164.00 -0.151835
7 165.00 -0.142857
7 166.00 -0.130643
7 167.00 -0.116255
7 168.00 -0.0999011
7 169.00 -0.0827423
7 170.00 -0.066487
7 171.00 -0.0510204
7 172.00 -0.038122
7 173.00 -0.0268736
7 174.00 -0.0182534
7 175.00 -0.0118886
7 176.00 -0.00681597
7 177.00 -0.00375117
7 178.00 -0.00152022
7 179.00 -0.000298864
7 180.00 0
8 0.00 0
8 1.00 -8.69558e-05
8 2.00 -0.000349256
8 3.00 -0.000785801
8 4.00 -0.00140134
8 5.00 -0.00219657
8 6.00 -0.00317378
8 7.00 -0.00433437
8 8.00 -0.00567674
8 9.00 -0.00720034
8 10.00 -0.00889649
8 11.00 -0.0107462
8 12.00 -0.0127219
8 13.00 -0.0147774
8 14.00 -0.0168709
8 15.00 -0.0189169
8 16.00 -0.0208743
8 17.00 -0.0226593
8 18.00 -0.0242818
8 19.00 -0.0257243
8 20.00 -0.0270698
8 21.00 -0.0284345
8 22.00 -0.0299756
8 23.00 -0.0318292
8 24.00 -0.0341542
8 25.00 -0.0370395
8 26.00 -0.0405237
8 27.00 -0.0445358
8 28.00 -0.0489014
8 29.00 -0.0534064
8 30.00 -0.0578167
8 31.00 -0.0617823
8 32.00 -0.0651261
8 33.00 -0.0676546
8 34.00 -0.0693045
8 35.00 -0.0701093
8 36.00 -0.0702006
8 37.00 -0.069613
8 38.00 -0.0685412
8 39.00 -0.0672112
8 40.00 -0.0657266
8 41.00 -0.0644399
8 42.00 -0.0633333
8 43.00 -0.0627222
8 44.00 -0.0625118
8 45.00 -0.0629611
8 46.00 -0.0640646
8 47.00 -0.0656903
8 48.00 -0.067791
8 49.00 -0.0703161
8 50.00 -0.0730691
8 51.00 -0.0759431
8 52.00 -0.0786936
8 53.00 -0.0814062
8 54.00 -0.0836692
8 55.00 -0.0855491
8 56.00 -0.0870153
8 57.00 -0.08801
8 58.00 -0.0886323
8 59.00 -0.0888776
8 60.00 -0.0888732
8 61.00 -0.089138
8 62.00 -0.0899501
8 63.00 -0.0917468
8 64.00 -0.0947192
8 65.00 -0.0994075
8 66.00 -0.106305
8 67.00 -0.114948
8 68.00 -0.125507
8 69.00 -0.137417
8 70.00 -0.150685
8 71.00 -0.164127
8 72.00 -0.17694
8 73.00 -0.18854
8 74.00 -0.198267
8 75.00 -0.205323
8 76.00 -0.21015
8 77.00 -0.211786
8 78.00 -0.211124
8 79.00 -0.20822
8 80.00 -0.204122
8 81.00 -0.199029
8 82.00 -0.19299
8 83.00 -0.187316
8 84.00 -0.181546
8 85.00 -0.176292
8 86.00 -0.171958
8 87.00 -0.167785
8 88.00 -0.164247
8 89.00 -0.160772
8 90.00 -0.158384
8 91.00 -0.155795
8 92.00 -0.153883
8 93.00 -0.152195
8 94.00 -0.151224
8 95.00 -0.150989
8 96.00 -0.151016
8 97.00 -0.152206
8 98.00 -0.153585
8 99.00 -0.156522
8 100.00 -0.159539
8 101.00 -0.163012
8 102.00 -0.166431
8 103.00 -0.169302
8 104.00 -0.171167
8 105.00 -0.172135
8 106.00 -0.170925
8 107.00 -0.168321
8 108.00 -0.163567
8 109.00 -0.15735
8 110.00 -0.148945
8 111.00 -0.139387
8 112.00 -0.128326
8 113.00 -0.116673
8 114.00 -0.104325
8 115.00 -0.0916916
8 116.00 -0.0791713
8 117.00 -0.0669839
8 118.00 -0.0551524
8 119.00 -0.0439323
8 120.00 -0.0332856
8 121.00 -0.0238689
8 122.00 -0.0145597
8 123.00 -0.00638298
8 124.00 0.00177305
8 125.00 0.00959147
8 126.00 0.0167558
8 127.00 0.0243728
8 128.00 0.0317575
8 129.00 0.0393156
8 130.00 0.0467083
8 131.00 0.0539435
8 132.00 0.0614399
8 133.00 0.0680688
8 134.00 0.0745342
8 135.00 0.0797159
8 136.00 0.083902
8 137.00 0.0870454
8 138.00 0.0886392
8 139.00 0.0885969
8 140.00 0.0863931
8 141.00 0.0827829
8 142.00 0.0776133
8 143.00 0.0703518
8 144.00 0.0613668
8 145.00 0.0515366
8 146.00 0.0403458
8 147.00 0.0282789
8 148.00 0.0153389
8 149.00 0.00200602
8 150.00 -0.0121827
8 151.00 -0.0261941
8 152.00 -0.0409964
8 153.00 -0.0560503
8 154.00 -0.0712777
8 155.00 -0.086656
8 156.00 -0.101604
8 157.00 -0.116129
8 158.00 -0.12959
8 159.00 -0.142005
8 160.00 -0.152717
8 161.00 -0.161132
8 162.00 -0.166576
8 163.00 -0.168838
8 164.00 -0.167836
8 165.00 -0.162306
8 166.00 -0.152836
8 167.00 -0.139559
8 168.00 -0.123444
8 169.00 -0.104935
8 170.00 -0.0851648
8 171.00 -0.0664928
8 172.00 -0.0492409
8 173.00 -0.0347625
8 174.00 -0.0232643
8 175.00 -0.0144132
8 176.00 -0.00814598
8 177.00 -0.00405616
8 178.00 -0.00181214
8 179.00 -0.000295946
8 180.00 0
9 0.00 0
9 1.00 -3.1401e-05
9 2.00 -0.000130097
9 3.00 -0.000311974
9 4.00 -0.000601553
9 5.00 -0.00103846
9 6.00 -0.00166394
9 7.00 -0.00253278
9 8.00 -0.00369298
9 9.00 -0.00519244
9 10.00 -0.00704576
9 11.00 -0.00923502
9 12.00 -0.0116909
9 13.00 -0.0142807
9 14.00 -0.0168602
9 15.00 -0.0192698
9 16.00 -0.0214204
9 17.00 -0.0232664
9 18.00 -0.0248689
9 19.00 -0.0262957
9 20.00 -0.0276318
9 21.00 -0.0288932
9 22.00 -0.0301055
9 23.00 -0.03111
9 24.00 -0.0318227
9 25.00 -0.0321438
9 26.00 -0.0320441
9 27.00 -0.0315586
9 28.00 -0.0307914
9 29.00 -0.0299898
9 30.00 -0.0292885
9 31.00 -0.0288923
9 32.00 -0.0288445
9 33.00 -0.0291155
9 34.00 -0.0296462
9 35.00 -0.030233
9 36.00 -0.0306979
9 37.00 -0.0308472
9 38.00 -0.0305959
9 39.00 -0.0300825
9 40.00 -0.029373
9 41.00 -0.0286974
9 42.00 -0.0282345
9 43.00 -0.0283498
9 44.00 -0.0291984
9 45.00 -0.031049
9 46.00 -0.0337286
9 47.00 -0.0374353
9 48.00 -0.0418654
9 49.00 -0.0468802
9 50.00 -0.0522899
9 51.00 -0.057767
9 52.00 -0.0631512
9 53.00 -0.0682635
9 54.00 -0.0731911
9 55.00 -0.0780359
9 56.00 -0.0826054
9 57.00 -0.0875161
9 58.00 -0.0927835
9 59.00 -0.0986316
9 60.00 -0.105086
9 61.00 -0.112335
9 62.00 -0.119801
9 63.00 -0.127581
9 64.00 -0.135111
9 65.00 -0.142006
9 66.00 -0.147826
9 67.00 -0.152674
9 68.00 -0.156133
9 69.00 -0.158216
9 70.00 -0.159371
9 71.00 -0.159433
9 72.00 -0.1586
9 73.00 -0.156986
9 74.00 -0.154793
9 75.00 -0.151789
9 76.00 -0.148135
9 77.00 -0.144131
9 78.00 -0.140855
9 79.00 -0.13801
9 80.00 -0.136722
9 81.00 -0.13751
9 82.00 -0.140638
9 83.00 -0.146131
9 84.00 -0.153265
9 85.00 -0.162642
9 86.00 -0.171868
9 87.00 -0.181387
9 88.00 -0.189672
9 89.00 -0.195992
9 90.00 -0.199408
9 91.00 -0.200298
9 92.00 -0.198504
9 93.00 -0.194209
9 94.00 -0.187843
9 95.00 -0.18006
9 96.00 -0.171429
9 97.00 -0.162677
9 98.00 -0.153288
9 99.00 -0.144359
9 100.00 -0.135977
9 101.00 -0.128145
9 102.00 -0.120864
9 103.00 -0.114234
9 104.00 -0.108084
9 105.00 -0.102993
9 106.00 -0.0987868
9 107.00 -0.0954817
9 108.00 -0.0925848
9 109.00 -0.0901235
9 110.00 -0.0884491
9 111.00 -0.0871632
9 112.00 -0.0855033
9 113.00 -0.0838734
9 114.00 -0.0815868
9 115.00 -0.0791023
9 116.00 -0.0756972
9 117.00 -0.0718114
9 118.00 -0.0670904
9 119.00 -0.0619098
9 120.00 -0.0559222
9 121.00 -0.0494297
9 122.00 -0.0423992
9 123.00 -0.0341144
9 124.00 -0.0255349
9 125.00 -0.0159335
9 126.00 -0.00557297
9 127.00 0.00561404
9 128.00 0.016649
9 129.00 0.027937
9 130.00 0.0384476
9 131.00 0.0485473
9 132.00 0.0574841
9 133.00 0.0656049
9 134.00 0.0720894
9 135.00 0.0772246
9 136.00 0.0809733
9 137.00 0.0831981
9 138.00 0.0846408
9 139.00 0.0844183
9 140.00 0.0833333
9 141.00 0.081269
9 142.00 0.0772968
9 143.00 0.0722621
9 144.00 0.0651778
9 145.00 0.0564031
9 146.00 0.04637
9 147.00 0.0345972
9 148.00 0.0210627
9 149.00 0.00675676
9 150.00 -0.00826045
9 151.00 -0.0234489
9 152.00 -0.0392542
9 153.00 -0.0556376
9 154.00 -0.0715343
9 155.00 -0.0874506
9 156.00 -0.102767
9 157.00 -0.118025
9 158.00 -0.132215
9 159.00 -0.14497
9 160.00 -0.156158
9 161.00 -0.165517
9 162.00 -0.172414
9 163.00 -0.176268
9 164.00 -0.176326
9 165.00 -0.173425
9 166.00 -0.165941
9 167.00 -0.154762
9 168.00 -0.139535
9 169.00 -0.121731
9 170.00 -0.10143
9 171.00 -0.0810252
9 172.00 -0.061888
9 173.00 -0.0443295
9 174.00 -0.0302398
9 175.00 -0.0189915
9 176.00 -0.0111559
9 177.00 -0.00561632
9 178.00 -0.0022818
9 179.00 -0.000557724
9 180.00 0
10 0.00 0
10 1.00 -2.84423e-05
10 2.00 -0.000112099
10 3.00 -0.000255502
10 4.00 -0.000461932
10 5.00 -0.000738411
10 6.00 -0.00109406
10 7.00 -0.0015379
10 8.00 -0.00207933
10 9.00 -0.00272268
10 10.00 -0.00346859
10 11.00 -0.0042862
10 12.00 -0.00512703
10 13.00 -0.00591298
10 14.00 -0.00653831
10 15.00 -0.00691218
10 16.00 -0.00695619
10 17.00 -0.00665398
10 18.00 -0.00607674
10 19.00 -0.00534972
10 20.00 -0.00461343
10 21.00 -0.00401141
10 22.00 -0.00352008
10 23.00 -0.00306097
10 24.00 -0.00249698
10 25.00 -0.00150741
10 26.00 0
10 27.00 0.00211605
10 28.00 0.00468119
10 29.00 0.00738992
10 30.00 0.00984043
10 31.00 0.011486
10 32.00 0.0121322
10 33.00 0.0114606
10 34.00 0.00953876
10 35.00 0.00655676
10 36.00 0.00278335
10 37.00 -0.00141214
10 38.00 -0.00560028
10 39.00 -0.00956204
10 40.00 -0.013185
10 41.00 -0.0163295
10 42.00 -0.0191603
10 43.00 -0.0218775
10 44.00 -0.0244459
10 45.00 -0.0272102
10 46.00 -0.0302849
10 47.00 -0.0338078
10 48.00 -0.0379428
10 49.00 -0.0429984
10 50.00 -0.0492159
10 51.00 -0.0564986
10 52.00 -0.064821
10 53.00 -0.0735664
10 54.00 -0.0819744
10 55.00 -0.0895499
10 56.00 -0.0952535
10 57.00 -0.0988863
10 58.00 -0.100352
10 59.00 -0.10033
10 60.00 -0.0996564
10 61.00 -0.0993443
10 62.00 -0.100331
10 63.00 -0.102824
10 64.00 -0.107014
10 65.00 -0.112623
10 66.00 -0.118295
10 67.00 -0.123659
10 68.00 -0.127263
10 69.00 -0.128845
10 70.00 -0.12788
10 71.00 -0.125337
10 72.00 -0.121391
10 73.00 -0.11759
10 74.00 -0.114677
10 75.00 -0.11381
10 76.00 -0.115551
10 77.00 -0.120194
10 78.00 -0.127174
10 79.00 -0.135437
10 80.00 -0.144152
10 81.00 -0.151926
10 82.00 -0.157415
10 83.00 -0.160018
10 84.00 -0.159512
10 85.00 -0.155014
10 86.00 -0.147733
10 87.00 -0.138717
10 88.00 -0.128316
10 89.00 -0.118569
10 90.00 -0.110503
10 91.00 -0.105051
10 92.00 -0.103484
10 93.00 -0.106791
10 94.00 -0.114136
10 95.00 -0.125922
10 96.00 -0.139989
10 97.00 -0.155509
10 98.00 -0.17086
10 99.00 -0.18361
10 100.00 -0.192327
10 101.00 -0.197084
10 102.00 -0.197044
10 103.00 -0.192493
10 104.00 -0.184507
10 105.00 -0.173138
10 106.00 -0.159929
10 107.00 -0.145015
10 108.00 -0.129505
10 109.00 -0.114053
10 110.00 -0.098692
10 111.00 -0.0838809
10 112.00 -0.0702417
10 113.00 -0.0577137
10 114.00 -0.0465116
10 115.00 -0.0368515
10 116.00 -0.0285916
10 117.00 -0.0216254
10 118.00 -0.015528
10 119.00 -0.00991453
10 120.00 -0.00474737
10 121.00 0.00101078
10 122.00 0.00703989
10 123.00 0.0140421
10 124.00 0.0217246
10 125.00 0.0301508
10 126.00 0.0390704
10 127.00 0.0478778
10 128.00 0.0566038
10 129.00 0.0649757
10 130.00 0.0722849
10 131.00 0.0788248
10 132.00 0.0849745
10 133.00 0.0899294
10 134.00 0.0943897
10 135.00 0.0982212
10 136.00 0.101066
10 137.00 0.10274
10 138.00 0.103533
10 139.00 0.102596
10 140.00 0.100171
10 141.00 0.0961872
10 142.00 0.0901495
10 143.00 0.0824421
10 144.00 0.0730059
10 145.00 0.0623862
10 146.00 0.051011
10 147.00 0.0389249
10 148.00 0.0266106
10 149.00 0.0136342
10 150.00 0.000946522
10 151.00 -0.011434
10 152.00 -0.0244487
10 153.00 -0.0376085
10 154.00 -0.0509461
10 155.00 -0.0639336
10 156.00 -0.077565
10 157.00 -0.0908642
10 158.00 -0.104374
10 159.00 -0.117559
10 160.00 -0.13004
10 161.00 -0.141332
10 162.00 -0.151593
10 163.00 -0.159044
10 164.00 -0.164564
10 165.00 -0.166844
10 166.00 -0.165152
10 167.00 -0.159637
10 168.00 -0.150106
10 169.00 -0.136058
10 170.00 -0.1185
10 171.00 -0.0989484
10 172.00 -0.0782098
10 173.00 -0.0585739
10 174.00 -0.0412371
10 175.00 -0.027037
10 176.00 -0.0159833
10 177.00 -0.00854701
10 178.00 -0.00346457
10 179.00 -0.000919681
10 180.00 0
11 0.00 0
11 1.00 -3.28492e-05
11 2.00 -0.000134043
11 3.00 -0.00030465
11 4.00 -0.000550953
11 5.00 -0.000880317
11 6.00 -0.00129911
11 7.00 -0.00181584
11 8.00 -0.00243044
11 9.00 -0.00312972
11 10.00 -0.00387259
11 11.00 -0.00457948
11 12.00 -0.0050884
11 13.00 -0.00519221
11 14.00 -0.00462253
11 15.00 -0.0031034
11 16.00 -0.000447273
11 17.00 0.0033574
11 18.00 0.00807977
11 19.00 0.0132814
11 20.00 0.0184384
11 21.00 0.0229964
11 22.00 0.0266771
11 23.00 0.0292908
11 24.00 0.0309274
11 25.00 0.0317844
11 26.00 0.0319773
11 27.00 0.0316681
11 28.00 0.0308257
11 29.00 0.0293561
11 30.00 0.0271202
11 31.00 0.0240707
11 32.00 0.0203349
11 33.00 0.0160929
11 34.00 0.0116189
11 35.00 0.00737362
11 36.00 0.00358797
11 37.00 0.000408747
11 38.00 -0.00213462
11 39.00 -0.00416202
11 40.00 -0.00605684
11 41.00 -0.00787402
11 42.00 -0.0100238
11 43.00 -0.0127292
11 44.00 -0.0163521
11 45.00 -0.0209337
11 46.00 -0.0268199
11 47.00 -0.0338613
11 48.00 -0.0419451
11 49.00 -0.0505284
11 50.00 -0.0591693
11 51.00 -0.0670601
11 52.00 -0.0735955
11 53.00 -0.0785379
11 54.00 -0.0820175
11 55.00 -0.0842139
11 56.00 -0.085676
11 57.00 -0.0868195
11 58.00 -0.0881114
11 59.00 -0.0893576
11 60.00 -0.0906538
11 61.00 -0.0915567
11 62.00 -0.0922203
11 63.00 -0.0924408
11 64.00 -0.09315
11 65.00 -0.0944513
11 66.00 -0.0969977
11 67.00 -0.100641
11 68.00 -0.105249
11 69.00 -0.109731
11 70.00 -0.113411
11 71.00 -0.115193
11 72.00 -0.114913
11 73.00 -0.112634
11 74.00 -0.108613
11 75.00 -0.104077
11 76.00 -0.0994822
11 77.00 -0.096404
11 78.00 -0.0949743
11 79.00 -0.0958624
11 80.00 -0.0983885
11 81.00 -0.103691
11 82.00 -0.11101
11 83.00 -0.120056
11 84.00 -0.1309
11 85.00 -0.143001
11 86.00 -0.156347
11 87.00 -0.169133
11 88.00 -0.181132
11 89.00 -0.190815
11 90.00 -0.19702
11 91.00 -0.197894
11 92.00 -0.194568
11 93.00 -0.186291
11 94.00 -0.173172
11 95.00 -0.157751
11 96.00 -0.140227
11 97.00 -0.121716
11 98.00 -0.104509
11 99.00 -0.0885744
11 100.00 -0.0754522
11 101.00 -0.0656155
11 102.00 -0.0589411
11 103.00 -0.0553108
11 104.00 -0.0540411
11 105.00 -0.0545709
11 106.00 -0.0558583
11 107.00 -0.057004
11 108.00 -0.0571551
11 109.00 -0.0564854
11 110.00 -0.0542414
11 111.00 -0.0505573
11 112.00 -0.0467108
11 113.00 -0.042318
11 114.00 -0.0381308
11 115.00 -0.0337739
11 116.00 -0.0296029
11 117.00 -0.0248933
11 118.00 -0.0196629
11 119.00 -0.0139034
11 120.00 -0.00724888
11 121.00 0.000343997
11 122.00 0.0079065
11 123.00 0.015162
11 124.00 0.0224913
11 125.00 0.0288997
11 126.00 0.0350754
11 127.00 0.0414013
11 128.00 0.0478914
11 129.00 0.0553345
11 130.00 0.063783
11 131.00 0.0733433
11 132.00 0.0837121
11 133.00 0.0941721
11 134.00 0.104331
11 135.00 0.112988
11 136.00 0.119048
11 137.00 0.122851
11 138.00 0.122807
11 139.00 0.119546
11 140.00 0.113384
11 141.00 0.10412
11 142.00 0.0924988
11 143.00 0.0788982
11 144.00 0.0643026
11 145.00 0.0487339
11 146.00 0.0322736
11 147.00 0.0159729
11 148.00 -0.000970874
11 149.00 -0.0174842
11 150.00 -0.0339476
11 151.00 -0.0503145
11 152.00 -0.0666023
11 153.00 -0.0827719
11 154.00 -0.0984157
11 155.00 -0.113724
11 156.00 -0.1277
11 157.00 -0.140655
11 158.00 -0.151985
11 159.00 -0.161951
11 160.00 -0.170936
11 161.00 -0.177966
11 162.00 -0.184343
11 163.00 -0.189134
11 164.00 -0.192608
11 165.00 -0.193668
11 166.00 -0.191795
11 167.00 -0.186531
11 168.00 -0.176314
11 169.00 -0.161711
11 170.00 -0.142135
11 171.00 -0.119729
11 172.00 -0.095085
11 173.00 -0.0707812
11 174.00 -0.0491539
11 175.00 -0.0311679
11 176.00 -0.0178947
11 177.00 -0.00892267
11 178.00 -0.00346894
11 179.00 -0.000917993
11 180.00 0
12 0.00 0
12 1.00 -5.79139e-05
12 2.00 -0.000226042
12 3.00 -0.000494938
12 4.00 -0.000842401
12 5.00 -0.00124297
12 6.00 -0.00166507
12 7.00 -0.00207362
12 8.00 -0.00243167
12 9.00 -0.00268204
12 10.00 -0.00272727
12 11.00 -0.00236696
12 12.00 -0.00129277
12 13.00 0.000913108
12 14.00 0.00459833
12 15.00 0.00985759
12 16.00 0.0164224
12 17.00 0.0236504
12 18.00 0.0308198
12 19.00 0.0373056
12 20.00 0.0428625
12 21.00 0.0474128
12 22.00 0.051078
12 23.00 0.0539416
12 24.00 0.0559115
12 25.00 0.056867
12 26.00 0.0566405
12 27.00 0.0551835
12 28.00 0.0525839
12 29.00 0.0488737
12 30.00 0.0444651
12 31.00 0.0396851
12 32.00 0.0349949
12 33.00 0.0306608
12 34.00 0.0269988
12 35.00 0.0240585
12 36.00 0.0215595
12 37.00 0.0190168
12 38.00 0.0159153
12 39.00 0.0115454
12 40.00 0.0054415
12 41.00 -0.00253341
12 42.00 -0.0119577
12 43.00 -0.0221239
12 44.00 -0.0318451
12 45.00 -0.0402677
12 46.00 -0.0466268
12 47.00 -0.0509861
12 48.00 -0.0537123
12 49.00 -0.0554399
12 50.00 -0.0569535
12 51.00 -0.058426
12 52.00 -0.0598416
12 53.00 -0.0607126
12 54.00 -0.0609056
12 55.00 -0.0601329
12 56.00 -0.0584674
12 57.00 -0.0563456
12 58.00 -0.054358
12 59.00 -0.0535365
12 60.00 -0.0544565
12 61.00 -0.0571429
12 62.00 -0.062012
12 63.00 -0.0679113
12 64.00 -0.0744265
12 65.00 -0.0802548
12 66.00 -0.0844622
12 67.00 -0.0865597
12 68.00 -0.0869065
12 69.00 -0.0859024
12 70.00 -0.0843974
12 71.00 -0.0836847
12 72.00 -0.0848546
12 73.00 -0.0892731
12 74.00 -0.0969764
12 75.00 -0.10841
12 76.00 -0.12268
12 77.00 -0.138819
12 78.00 -0.154998
12 79.00 -0.168498
12 80.00 -0.177419
12 81.00 -0.180127
12 82.00 -0.175968
12 83.00 -0.165638
12 84.00 -0.150735
12 85.00 -0.133226
12 86.00 -0.11595
12 87.00 -0.100719
12 88.00 -0.0888639
12 89.00 -0.0810965
12 90.00 -0.0775912
12 91.00 -0.0785003
12 92.00 -0.0816085
12 93.00 -0.0875
12 94.00 -0.0943284
12 95.00 -0.101432
12 96.00 -0.108734
12 97.00 -0.114909
12 98.00 -0.119977
12 99.00 -0.12328
12 100.00 -0.12493
12 101.00 -0.123967
12 102.00 -0.12056
12 103.00 -0.115425
12 104.00 -0.108329
12 105.00 -0.100398
12 106.00 -0.0913043
12 107.00 -0.0825516
12 108.00 -0.0742597
12 109.00 -0.0663717
12 110.00 -0.0593293
12 111.00 -0.0526756
12 112.00 -0.0459723
12 113.00 -0.0392701
12 114.00 -0.0321705
12 115.00 -0.0235294
12 116.00 -0.0137957
12 117.00 -0.00330518
12 118.00 0.00834846
12 119.00 0.0197842
12 120.00 0.0311048
12 121.00 0.0413105
12 122.00 0.0504979
12 123.00 0.0587189
12 124.00 0.0657143
12 125.00 0.0718649
12 126.00 0.0775643
12 127.00 0.0821114
12 128.00 0.0861493
12 129.00 0.0892319
12 130.00 0.0912911
12 131.00 0.0926357
12 132.00 0.0936271
12 133.00 0.0947242
12 134.00 0.095974
12 135.00 0.0982995
12 136.00 0.100466
12 137.00 0.102431
12 138.00 0.104139
12 139.00 0.104062
12 140.00 0.101917
12 141.00 0.0975143
12 142.00 0.091175
12 143.00 0.0823413
12 144.00 0.0724711
12 145.00 0.061609
12 146.00 0.0498715
12 147.00 0.0378434
12 148.00 0.0255875
12 149.00 0.0136626
12 150.00 0.00105652
12 151.00 -0.0111524
12 152.00 -0.0234792
12 153.00 -0.0359249
12 154.00 -0.0490038
12 155.00 -0.0627706
12 156.00 -0.0766304
12 157.00 -0.0900655
12 158.00 -0.10307
12 159.00 -0.115215
12 160.00 -0.125347
12 161.00 -0.13352
12 162.00 -0.139876
12 163.00 -0.143754
12 164.00 -0.145087
12 165.00 -0.145199
12 166.00 -0.143195
12 167.00 -0.139881
12 168.00 -0.134798
12 169.00 -0.126975
12 170.00 -0.116743
12 171.00 -0.10213
12 172.00 -0.0843249
12 173.00 -0.064438
12 174.00 -0.045475
12 175.00 -0.029191
12 176.00 -0.0162476
12 177.00 -0.0079566
12 178.00 -0.00308642
12 179.00 -0.000662691
12 180.00 0
13 0.00 0
13 1.00 -4.78998e-05
13 2.00 -0.00019888
13 3.00 -0.000472202
13 4.00 -0.000892047
13 5.00 -0.00148226
13 6.00 -0.0022344
13 7.00 -0.003078
13 8.00 -0.00383381
13 9.00 -0.00417365
13 10.00 -0.00364856
13 11.00 -0.0017756
13 12.00 0.00181731
13 13.00 0.00721281
13 14.00 0.0142059
13 15.00 0.0222548
13 16.00 0.0306832
13 17.00 0.0388284
13 18.00 0.0461467
13 19.00 0.0523638
13 20.00 0.0574241
13 21.00 0.0612788
13 22.00 0.0639126
13 23.00 0.0652726
13 24.00 0.0653372
13 25.00 0.064162
13 26.00 0.061778
13 27.00 0.0585487
13 28.00 0.0546967
13 29.00 0.050594
13 30.00 0.0464755
13 31.00 0.0424923
13 32.00 0.0385837
13 33.00 0.0346147
13 34.00 0.0303482
13 35.00 0.0254851
13 36.00 0.0199292
13 37.00 0.0138474
13 38.00 0.00770916
13 39.00 0.00232138
13 40.00 -0.0016331
13 41.00 -0.00371252
13 42.00 -0.00426884
13 43.00 -0.00422463
13 44.00 -0.00469534
13 45.00 -0.00630182
13 46.00 -0.0091859
13 47.00 -0.0130383
13 48.00 -0.01675
13 49.00 -0.0197644
13 50.00 -0.0216914
13 51.00 -0.0229173
13 52.00 -0.0245417
13 53.00 -0.0274278
13 54.00 -0.0324261
13 55.00 -0.0393129
13 56.00 -0.0475569
13 57.00 -0.055425
13 58.00 -0.0618599
13 59.00 -0.0656997
13 60.00 -0.0670206
13 61.00 -0.0663464
13 62.00 -0.0640813
13 63.00 -0.061674
13 64.00 -0.059421
13 65.00 -0.0584192
13 66.00 -0.0590997
13 67.00 -0.0619213
13 68.00 -0.0671324
13 69.00 -0.0744171
13 70.00 -0.0829137
13 71.00 -0.0915815
13 72.00 -0.0995208
13 73.00 -0.104919
13 74.00 -0.107784
13 75.00 -0.108309
13 76.00 -0.106319
13 77.00 -0.102598
13 78.00 -0.0981372
13 79.00 -0.0932958
13 80.00 -0.0886628
13 81.00 -0.0847118
13 82.00 -0.0825545
13 83.00 -0.0833782
13 84.00 -0.0869081
13 85.00 -0.093318
13 86.00 -0.102138
13 87.00 -0.110976
13 88.00 -0.11838
13 89.00 -0.123496
13 90.00 -0.12492
13 91.00 -0.122502
13 92.00 -0.117647
13 93.00 -0.111183
13 94.00 -0.104449
13 95.00 -0.0987813
13 96.00 -0.0940877
13 97.00 -0.0903955
13 98.00 -0.087037
13 99.00 -0.0816203
13 100.00 -0.0742487
13 101.00 -0.0640732
13 102.00 -0.0515521
13 103.00 -0.0375536
13 104.00 -0.0233524
13 105.00 -0.0100553
13 106.00 0.00097561
13 107.00 0.00901328
13 108.00 0.013876
13 109.00 0.0158085
13 110.00 0.0150243
13 111.00 0.0121212
13 112.00 0.00891341
13 113.00 0.00541441
13 114.00 0.00327332
13 115.00 0.00201126
13 116.00 0.0023753
13 117.00 0.0039032
13 118.00 0.00655611
13 119.00 0.0106993
13 120.00 0.0155598
13 121.00 0.0215582
13 122.00 0.0283661
13 123.00 0.0356466
13 124.00 0.0430804
13 125.00 0.0503265
13 126.00 0.0565672
13 127.00 0.0626223
13 128.00 0.0684877
13 129.00 0.0750401
13 130.00 0.0824153
13 131.00 0.0911361
13 132.00 0.100043
13 133.00 0.109123
13 134.00 0.116935
13 135.00 0.122759
13 136.00 0.125825
13 137.00 0.125965
13 138.00 0.123889
13 139.00 0.120081
13 140.00 0.113918
13 141.00 0.105845
13 142.00 0.0961332
13 143.00 0.0848385
13 144.00 0.0717863
13 145.00 0.0569977
13 146.00 0.0410724
13 147.00 0.0241379
13 148.00 0.0074928
13 149.00 -0.00921659
13 150.00 -0.0258176
13 151.00 -0.0415718
13 152.00 -0.0574648
13 153.00 -0.0723831
13 154.00 -0.0869087
13 155.00 -0.100653
13 156.00 -0.113808
13 157.00 -0.125
13 158.00 -0.135439
13 159.00 -0.14485
13 160.00 -0.152643
13 161.00 -0.158868
13 162.00 -0.163546
13 163.00 -0.166574
13 164.00 -0.168373
13 165.00 -0.167536
13 166.00 -0.164894
13 167.00 -0.16036
13 168.00 -0.153005
13 169.00 -0.144073
13 170.00 -0.131532
13 171.00 -0.11507
13 172.00 -0.0956376
13 173.00 -0.0738007
13 174.00 -0.0520373
13 175.00 -0.0326531
13 176.00 -0.0179916
13 177.00 -0.00816168
13 178.00 -0.00292826
13 179.00 -0.000704225
13 180.00 0
